2.6178006037e-02
5.0070113110e-02
7.2017904703e-02
3.7327372228e-02
1.3062208994e-18
1.5050046166e-18
-1.1446219313e-17
1.1404019118e-17
-7.6996800576e-18
2.0140821239e-17
4.6499233304e-17
7.5345680354e-18
-2.4309384232e-17
6.0304827968e-19
3.4279084340e-18
-4.7353406310e-13
4.0075654145e-18
-9.1103883445e-14
5.1151458066e-18
-2.5153325129e-18
1.2460815952e-12
-1.8593266882e-19
2.3979654132e-13
2.0890698392e-19
-3.3036108350e-18
-2.3888121917e-18
4.8695721276e-19
1.0238901690e-17
-4.5825681908e-18
1.7913360674e-18
5.7675352517e-04
-3.5682088833e-17
-5.8847695864e-20
2.2951008440e-17
1.8603537206e-17
3.1096482849e-18
-2.5075969694e-11
-1.9171300584e-17
-4.8258779772e-12
-3.3490385674e-18
2.1811709434e-17
8.7150585327e-18
-5.4643500175e-18
-2.8304799070e-19
-1.4427936378e-18
7.0552759072e-18
5.0070113110e-02
9.6395043022e-02
1.3808666636e-01
7.1312936526e-02
2.5208916305e-18
2.9782892322e-18
-2.1980870994e-17
2.2142869830e-17
-1.5164049326e-17
3.9107835103e-17
8.9058786847e-17
1.4788321026e-17
-4.6890737488e-17
1.1824849442e-18
6.5714626480e-18
-9.0473791108e-13
7.7440332390e-18
-1.7406357560e-13
9.8786626716e-18
-4.8475111792e-18
2.3695944948e-12
-4.1768344224e-19
4.5600582277e-13
3.6913358614e-19
-6.3624823036e-18
-4.5527931215e-18
8.9567715188e-19
1.9644339676e-17
-8.8089448854e-18
3.4468281512e-18
1.1057125734e-03
-6.8274194636e-17
-4.2595779460e-19
4.4369741832e-17
3.5970158771e-17
5.9255821880e-18
-4.7931356067e-11
-3.6745780367e-17
-9.2244039396e-12
-6.3979012792e-18
4.1954213551e-17
1.6671062006e-17
-1.0465847634e-17
-5.8135290934e-19
-2.7751212119e-18
1.3570832844e-17
7.2017904703e-02
1.3808666636e-01
2.0459098319e-01
1.0682200509e-01
3.6765705507e-18
3.5074349636e-18
-3.1889241135e-17
3.0832659872e-17
-1.9793044135e-17
5.3631866956e-17
1.3206518521e-16
1.8663156734e-17
-6.3336746545e-17
1.4100958817e-18
9.7256010593e-18
-1.3480740546e-12
1.0890712818e-17
-2.5935975780e-13
1.3872097186e-17
-6.9111161820e-18
3.6346144938e-12
1.6607894735e-18
6.9944768299e-13
7.1637159306e-19
-9.3405176252e-18
-6.1561570865e-18
1.0594547415e-18
2.8683731905e-17
-1.2658557066e-17
4.8587891991e-18
1.6922809826e-03
-1.0165684022e-16
1.4140246455e-18
6.1326283137e-17
4.9183602693e-17
8.8029870544e-18
-7.1759380933e-11
-5.5907151803e-17
-1.3810115183e-11
-9.2171978756e-18
6.0565768219e-17
2.3953927589e-17
-1.5282323714e-17
6.1542711502e-20
-3.7830114737e-18
1.8923016396e-17
3.7327372228e-02
7.1312936526e-02
1.0682200509e-01
5.6484033425e-02
1.8612824060e-18
1.6760557989e-18
-1.6608169708e-17
1.5083579386e-17
-9.4269209173e-18
2.7402878366e-17
6.8460855611e-17
8.8835464147e-18
-3.1718587656e-17
6.4956623074e-19
5.1005191169e-18
-7.1253883185e-13
5.5669869561e-18
-1.3708809437e-13
7.0205553850e-18
-3.5688646565e-18
1.9529085301e-12
1.4636903567e-18
3.7581968811e-13
4.1168169591e-19
-4.8783904888e-18
-3.1207596830e-18
5.3866331537e-19
1.4931832400e-17
-6.5443993136e-18
2.4829974376e-18
8.8442717189e-04
-5.3518434950e-17
1.3321654722e-18
3.1139439365e-17
2.4654570692e-17
4.6572362033e-18
-3.7885716662e-11
-2.9593405960e-17
-7.2911180146e-12
-4.7820502462e-18
3.1233282575e-17
1.2402103847e-17
-7.8873147976e-18
2.6674913154e-19
-1.8818530347e-18
9.6207686135e-18
1.3062208994e-18
2.5208916305e-18
3.6765705507e-18
1.8612824060e-18
2.4643903320e-05
1.3371969858e-20
5.0055168379e-21
4.6872825111e-05
1.3837743998e-20
-1.4629855998e-21
2.3345737519e-05
2.5276836314e-20
4.3521267867e-21
-5.2193741929e-22
1.4555894953e-21
2.0297304228e-21
-1.3930976105e-21
1.1449328875e-20
-9.0898584869e-22
-1.5733557780e-21
-3.1843983926e-21
1.6590675260e-21
-1.1665249032e-20
-9.0215489476e-21
1.8010219874e-20
-1.1155372939e-20
1.2159790661e-21
-4.1880559021e-16
8.6952608739e-21
-9.5415536882e-17
2.9680893013e-20
1.7138065720e-06
4.9790013647e-21
-2.5256481438e-21
-3.2022510725e-22
4.4387703644e-21
-1.1789283543e-20
-1.1828202787e-20
1.1058743537e-20
1.0421747880e-21
-5.5522717790e-21
1.5985640745e-20
6.6243679592e-21
-3.7142887344e-15
-1.4225761924e-21
-8.4619948988e-16
1.5050046166e-18
2.9782892322e-18
3.5074349636e-18
1.6760557989e-18
1.3371969858e-20
2.4643903320e-05
1.2221588903e-19
1.8506490790e-20
4.6872825112e-05
1.8271557398e-19
2.6754821831e-20
2.3345737523e-05
-6.5133445453e-21
-3.7000731223e-21
1.0168767530e-20
1.6448883324e-21
-1.8963989319e-20
1.9903334439e-21
1.8704940038e-20
-2.8157807695e-20
-2.2514805446e-21
1.3678740156e-20
-1.4614606013e-21
-9.5387220696e-17
1.5125243894e-20
-4.6805599820e-16
-7.6399935207e-21
-5.0300012069e-23
1.3353575868e-21
1.2741794224e-21
4.3654368916e-21
-1.5740296610e-21
1.7138065734e-06
2.0732336160e-20
-1.7951735266e-21
2.7221842866e-20
-8.9489552946e-21
5.4074489347e-22
4.4451081194e-21
-8.4622515652e-16
-8.8568449289e-21
-4.1512751245e-15
8.5288391411e-21
-6.6454479338e-21
2.3354066947e-20
3.5658411690e-21
-1.1446219313e-17
-2.1980870994e-17
-3.1889241135e-17
-1.6608169708e-17
5.0055168379e-21
1.2221588903e-19
2.4643903319e-05
3.1025895875e-20
1.7620263872e-19
4.6872825108e-05
1.7986272822e-20
4.5206278753e-20
2.3345737504e-05
3.3779587460e-22
1.4474585352e-20
2.4609491603e-20
1.5671486528e-20
-2.2867763465e-21
3.0391320959e-21
-6.7088569558e-21
-3.1572652271e-20
9.3318916868e-21
-1.7460295090e-20
-5.6625190259e-21
-6.4427001224e-21
-6.0758220207e-21
-5.4307551392e-16
3.1439840209e-21
-7.7890427353e-17
-3.4596814845e-21
-2.7172463807e-19
1.2477813575e-21
-4.1354337719e-20
1.7138065662e-06
8.2931096988e-21
-9.0769780281e-21
1.7518231592e-20
1.3085619819e-20
-5.6948604680e-21
1.7840562707e-20
9.1742822632e-21
6.5199945435e-21
-4.8166674189e-15
-2.0625387983e-20
-6.9090059608e-16
-2.9132927958e-21
1.1404019118e-17
2.2142869830e-17
3.0832659872e-17
1.5083579386e-17
4.6872825111e-05
1.8506490790e-20
3.1025895875e-20
2.6046142195e-04
3.7713035483e-20
-1.9784346314e-20
1.9555386406e-04
1.3189075888e-19
2.1032515911e-20
-3.3053436700e-21
6.0920155686e-21
1.6003303573e-20
2.0003271414e-21
4.7183542987e-20
-8.1533019969e-21
-4.2250963021e-21
-5.3086126841e-20
-5.2606467911e-21
-1.5988318122e-20
-4.7188868297e-20
8.6158403087e-20
-5.9642012941e-20
1.0413957543e-20
-2.1678132519e-15
4.3569137303e-20
-4.9394123701e-16
2.6383554189e-19
1.0528589097e-05
1.8586415937e-21
-1.2933997441e-20
-9.8364854509e-23
3.4062430676e-20
-6.7999323242e-20
-6.5297493532e-20
7.7902933269e-20
2.1339904669e-20
-3.7046631254e-21
8.6426730503e-20
2.8420092072e-20
-2.8964518599e-14
1.0458796580e-21
-6.5987566379e-15
-7.6996800576e-18
-1.5164049326e-17
-1.9793044135e-17
-9.4269209173e-18
1.3837743998e-20
4.6872825112e-05
1.7620263872e-19
3.7713035483e-20
2.6046142195e-04
1.1154721888e-18
8.8694134061e-20
1.9555386408e-04
-2.6465042826e-19
-1.4080047718e-21
5.1883488407e-20
2.7673076461e-20
-1.0359918631e-19
1.5846882083e-20
7.2950712848e-20
-5.7977243051e-20
1.1241921914e-20
7.1050323025e-21
-2.5113457350e-21
-4.9372098309e-16
9.3655193431e-20
-2.4227839665e-15
-5.2318359886e-20
1.0412410014e-21
3.3570081107e-20
2.3990858664e-21
-2.0796147556e-19
-8.9622014397e-21
1.0528589107e-05
1.7074888427e-19
1.7163145689e-20
1.1526230405e-19
-2.9416247971e-21
6.5740066200e-20
1.9648140714e-20
-6.5989424436e-15
-4.3019014163e-20
-3.2372125281e-14
3.4387027078e-20
-3.6889952880e-20
1.2588664601e-19
8.4959710928e-21
2.0140821239e-17
3.9107835103e-17
5.3631866956e-17
2.7402878366e-17
-1.4629855998e-21
1.8271557398e-19
4.6872825108e-05
-1.9784346314e-20
1.1154721888e-18
2.6046142195e-04
-1.0565244055e-19
1.7714143556e-19
1.9555386398e-04
1.9440185168e-20
4.6027914317e-20
1.1184413512e-19
6.7375192464e-20
5.8347170371e-22
6.5149143671e-20
-3.4162074485e-20
-1.0780798970e-19
1.1578422541e-19
-5.7546953684e-20
-1.2288450810e-20
-2.0186367082e-20
-4.1656204781e-20
-2.8111511326e-15
1.4119648854e-20
-4.0319520237e-16
-1.6878612201e-20
2.6761079584e-19
-9.1441354280e-21
-1.7046968820e-19
1.0528589056e-05
6.1743069187e-20
-3.7194283576e-20
8.1656116968e-20
5.1680286903e-20
-2.1506528858e-20
7.3059660239e-20
8.8717877960e-20
4.2640915976e-20
-3.7560937092e-14
-1.1158081458e-19
-5.3877554022e-15
-3.1088512702e-20
4.6499233304e-17
8.9058786847e-17
1.3206518521e-16
6.8460855611e-17
2.3345737519e-05
2.6754821831e-20
1.7986272822e-20
1.9555386406e-04
8.8694134061e-20
-1.0565244055e-19
2.9595983108e-04
2.5445812734e-19
-9.8229877940e-20
-2.3199853490e-21
1.2594392110e-20
3.7001157484e-20
1.1265122402e-20
2.8756001060e-20
-1.0936081682e-20
7.1372793280e-21
-5.7824667089e-20
-1.0269374504e-21
-1.6001908885e-20
-4.5101717469e-20
8.1449615236e-20
-7.4054198772e-20
1.3205194032e-20
-5.5575730524e-16
4.7104830663e-20
-1.2668449865e-16
1.1195226962e-18
2.2495435856e-05
-2.0799567973e-21
-2.8629051330e-20
-4.0027811433e-22
5.4899039388e-20
-5.5196559939e-20
-4.5790709896e-20
7.8620928931e-20
3.4917775567e-20
3.6449597791e-21
8.3032773638e-20
3.0519077611e-20
-4.8663145686e-14
-5.0518636961e-22
-1.1086536551e-14
7.5345680354e-18
1.4788321026e-17
1.8663156734e-17
8.8835464147e-18
2.5276836314e-20
2.3345737523e-05
4.5206278753e-20
1.3189075888e-19
1.9555386408e-04
1.7714143556e-19
2.5445812734e-19
2.9595983115e-04
-4.3648928026e-19
1.0749358761e-20
3.2306411205e-20
3.0667441930e-20
-1.1342588020e-19
2.5545479933e-20
5.6181383067e-20
-3.0136530924e-20
-2.3624332485e-20
2.2275830455e-21
-1.8951301019e-21
-1.2646051862e-16
1.1527635952e-19
-6.2105745543e-16
-6.9143291535e-20
3.3703457342e-21
6.8057390099e-20
2.5382855237e-21
2.2631377941e-19
1.4768432761e-20
2.2495435881e-05
6.2570026496e-20
3.9395259595e-20
7.6111726194e-20
4.7752895233e-20
1.2896979565e-19
2.4307095760e-20
-1.1086765177e-14
-4.7426611553e-20
-5.4388203830e-14
9.6477499524e-21
-3.7977539027e-20
8.3707014003e-20
-7.6614281188e-21
-2.4309384232e-17
-4.6890737488e-17
-6.3336746545e-17
-3.1718587656e-17
4.3521267867e-21
-6.5133445453e-21
2.3345737504e-05
2.1032515911e-20
-2.6465042826e-19
1.9555386398e-04
-9.8229877940e-20
-4.3648928026e-19
2.9595983078e-04
6.8947736705e-22
2.7143729913e-20
5.8433633905e-20
4.4080987588e-20
-3.6865696611e-22
3.5876596925e-20
-8.8461119317e-21
-1.1122742599e-19
1.4801940726e-19
-6.3100724099e-20
-1.7555271591e-21
-1.5310096334e-20
-3.5242875106e-20
-7.2064758369e-16
8.5418667358e-21
-1.0332797889e-16
-1.2495625835e-20
-7.5816598267e-19
-2.7609029203e-20
-2.9864262469e-19
2.2495435755e-05
6.2497232178e-20
-2.7832175506e-20
4.7075985920e-20
5.8506541579e-20
1.0383894478e-20
5.4710628981e-20
1.2198953162e-19
3.5643441446e-20
-6.3105839834e-14
-1.4358555184e-19
-9.0520285065e-15
-3.3206320392e-20
6.0304827968e-19
1.1824849442e-18
1.4100958817e-18
6.4956623074e-19
-5.2193741929e-22
-3.7000731223e-21
3.3779587460e-22
-3.3053436700e-21
-1.4080047718e-21
1.9440185168e-20
-2.3199853490e-21
1.0749358761e-20
6.8947736705e-22
6.8910666338e-06
-7.8204569663e-22
-8.0265551585e-21
-9.3027543838e-21
1.6602979000e-21
5.3865074707e-06
-1.2003323371e-20
-1.0742509516e-20
-5.8576713765e-21
-5.7712714043e-21
3.7399343021e-21
-4.6585058686e-21
9.5286645445e-22
5.2378171135e-21
-1.8882601556e-22
3.2256649241e-21
2.4018585159e-22
6.1113102064e-21
-1.6109467183e-22
8.6261809767e-22
-3.4649683014e-21
6.0444358296e-08
8.4175663271e-21
1.0562162510e-21
2.4874594642e-21
3.2881476465e-22
-8.2702100480e-23
5.8371650706e-21
1.7791406743e-22
-9.0409453856e-22
-1.6122120528e-22
4.6522674243e-23
-8.7907276594e-23
3.4279084340e-18
6.5714626480e-18
9.7256010593e-18
5.1005191169e-18
1.4555894953e-21
1.0168767530e-20
1.4474585352e-20
6.0920155686e-21
5.1883488407e-20
4.6027914317e-20
1.2594392110e-20
3.2306411205e-20
2.7143729913e-20
-7.8204569663e-22
6.8910666336e-06
7.3910498858e-23
-1.5689762693e-20
2.5005506627e-21
1.0960075857e-20
5.3865074703e-06
-2.0026043696e-21
-4.0515161161e-21
2.5564786384e-21
9.4807867011e-21
2.6014811200e-21
-6.6199913739e-21
6.8863977349e-22
9.1091134885e-22
-2.7392735831e-21
-7.0925518669e-24
8.3395582291e-20
2.1815695066e-21
-2.3757206951e-21
4.2257912489e-21
8.5117726140e-21
6.0444358060e-08
2.9536883787e-21
-4.9849570812e-21
-1.8337308305e-21
-5.8050728914e-21
-2.5029159754e-21
2.7388963524e-22
9.4041481555e-22
-2.6434924449e-21
-3.9706287504e-21
-3.4089696447e-22
-4.7353406310e-13
-9.0473791108e-13
-1.3480740546e-12
-7.1253883185e-13
2.0297304228e-21
1.6448883324e-21
2.4609491603e-20
1.6003303573e-20
2.7673076461e-20
1.1184413512e-19
3.7001157484e-20
3.0667441930e-20
5.8433633905e-20
-8.0265551585e-21
7.3910498858e-23
6.8910666335e-06
1.3023128353e-21
2.5387379079e-17
-1.8936000081e-20
6.0181770731e-21
5.3865074701e-06
5.7270713735e-22
5.6873837391e-17
-5.4332958055e-21
2.0481851830e-21
-1.7566425113e-22
1.9288309461e-23
4.0364548103e-21
3.9729335358e-21
-1.9536987408e-22
-1.1053110785e-14
4.9396908707e-21
1.8510757325e-21
1.1097568706e-20
-6.7170192562e-21
8.4863495405e-22
6.0444357942e-08
-1.8600171780e-21
3.4106500874e-17
-5.6108663770e-21
-2.7506104924e-21
1.3599712287e-21
-2.4415189942e-21
2.6062328424e-21
-1.0771135890e-21
-3.0981498227e-22
4.0075654145e-18
7.7440332390e-18
1.0890712818e-17
5.5669869561e-18
-1.3930976105e-21
-1.8963989319e-20
1.5671486528e-20
2.0003271414e-21
-1.0359918631e-19
6.7375192464e-20
1.1265122402e-20
-1.1342588020e-19
4.4080987588e-20
-9.3027543838e-21
-1.5689762693e-20
1.3023128353e-21
6.8910666336e-06
2.1995948495e-21
1.7116073863e-20
1.1283137004e-20
3.5755474801e-21
5.3865074702e-06
2.1984615227e-21
1.1527987189e-21
3.0104359478e-21
-2.0259227082e-21
-2.1647972353e-22
2.3723695516e-23
5.3362524456e-21
-2.9017033970e-22
8.1796152433e-20
1.9540895062e-21
-4.2393496800e-21
5.9992436676e-21
6.8881818119e-21
2.3276846648e-21
-3.0357759491e-21
6.0444358001e-08
-2.3099306380e-21
-4.4181188218e-21
-2.8165075591e-21
9.9124107727e-22
2.4680786106e-21
2.2271629096e-21
2.7909216917e-21
-1.9003198017e-22
-9.1103883445e-14
-1.7406357560e-13
-2.5935975780e-13
-1.3708809437e-13
1.1449328875e-20
1.9903334439e-21
-2.2867763465e-21
4.7183542987e-20
1.5846882083e-20
5.8347170371e-22
2.8756001060e-20
2.5545479933e-20
-3.6865696611e-22
1.6602979000e-21
2.5005506627e-21
2.5387379079e-17
2.1995948495e-21
6.8910666338e-06
4.7687613371e-21
1.9045609579e-20
5.6866928780e-17
-1.2991380084e-21
5.3865074707e-06
-1.5133087740e-22
8.4839918562e-22
-1.3792419265e-21
-3.0228325059e-23
-1.0917976738e-21
1.2496670346e-21
2.8872843072e-21
-2.1265546369e-15
1.1335522404e-21
6.1968811975e-21
-2.2528633603e-21
5.9435628702e-21
2.7010084375e-21
3.4099870167e-17
-3.7660983316e-21
6.0444358296e-08
2.9316380513e-22
-1.1074766906e-22
4.8629734136e-22
1.1710340246e-21
6.0895967862e-22
5.2725371572e-22
1.1500076301e-21
5.1151458066e-18
9.8786626716e-18
1.3872097186e-17
7.0205553850e-18
-9.0898584869e-22
1.8704940038e-20
3.0391320959e-21
-8.1533019969e-21
7.2950712848e-20
6.5149143671e-20
-1.0936081682e-20
5.6181383067e-20
3.5876596925e-20
5.3865074707e-06
1.0960075857e-20
-1.8936000081e-20
1.7116073863e-20
4.7687613371e-21
2.7056377316e-05
-4.2077601175e-20
-3.0888018195e-20
4.9561742841e-20
-3.2045613684e-20
2.3126254195e-21
-6.3531378823e-23
-6.2766205100e-21
6.9707405056e-21
-1.0471559984e-21
-6.3218686251e-22
4.5093800749e-22
9.5892481359e-20
-3.1302527665e-22
4.5723245914e-21
-9.0330921969e-21
5.0976514991e-06
2.5017715087e-20
-4.1245928202e-21
1.2069368590e-20
-1.9030614401e-21
6.6977708982e-21
1.6134965858e-20
-3.9827806125e-21
-1.0203862275e-20
2.9846764243e-23
-1.4371297074e-21
-2.7089539994e-22
-2.5153325129e-18
-4.8475111792e-18
-6.9111161820e-18
-3.5688646565e-18
-1.5733557780e-21
-2.8157807695e-20
-6.7088569558e-21
-4.2250963021e-21
-5.7977243051e-20
-3.4162074485e-20
7.1372793280e-21
-3.0136530924e-20
-8.8461119317e-21
-1.2003323371e-20
5.3865074703e-06
6.0181770731e-21
1.1283137004e-20
1.9045609579e-20
-4.2077601175e-20
2.7056377309e-05
-9.5185618363e-21
8.4556619056e-20
6.1523412064e-20
1.1088806076e-20
3.7046827789e-21
-1.4774090041e-20
1.4400907578e-20
1.3664795767e-23
-1.0497052560e-20
-3.8668711525e-22
-4.6058183241e-20
2.0555296313e-21
-5.1547706595e-21
1.3824250372e-22
2.6391175129e-20
5.0976514929e-06
2.3474999221e-20
-5.6969005932e-21
5.6443733053e-21
-1.8340507213e-21
-1.1416930761e-21
-6.9764594666e-22
-2.6391451215e-22
-1.7572282287e-20
-1.3986969853e-20
-3.0541056786e-21
1.2460815952e-12
2.3695944948e-12
3.6346144938e-12
1.9529085301e-12
-3.1843983926e-21
-2.2514805446e-21
-3.1572652271e-20
-5.3086126841e-20
1.1241921914e-20
-1.0780798970e-19
-5.7824667089e-20
-2.3624332485e-20
-1.1122742599e-19
-1.0742509516e-20
-2.0026043696e-21
5.3865074701e-06
3.5755474801e-21
5.6866928780e-17
-3.0888018195e-20
-9.5185618363e-21
2.7056377305e-05
-7.1673187955e-21
1.0368844096e-15
-1.2193827747e-20
3.9685063097e-21
1.0026403971e-20
4.3735872784e-21
9.2420460332e-21
4.6193649267e-21
-5.6047680164e-22
3.0610194740e-14
-9.7831006070e-22
-1.3168385323e-20
2.7302559216e-20
-2.1897127263e-20
-1.9165906873e-20
5.0976514898e-06
-1.6028864562e-20
8.9999591312e-16
-2.1344952135e-21
-7.2218278861e-21
6.3008210485e-21
-6.9213860828e-21
1.4452700701e-20
-2.1976669217e-21
-2.3161413420e-21
-1.8593266882e-19
-4.1768344224e-19
1.6607894735e-18
1.4636903567e-18
1.6590675260e-21
1.3678740156e-20
9.3318916868e-21
-5.2606467911e-21
7.1050323025e-21
1.1578422541e-19
-1.0269374504e-21
2.2275830455e-21
1.4801940726e-19
-5.8576713765e-21
-4.0515161161e-21
5.7270713735e-22
5.3865074702e-06
-1.2991380084e-21
4.9561742841e-20
8.4556619056e-20
-7.1673187955e-21
2.7056377307e-05
9.5687842938e-21
-6.3243974529e-21
-1.2445938624e-20
-6.0410030436e-21
3.8115434963e-21
3.4748276272e-22
1.4103164109e-20
-6.5735773375e-22
1.6675071886e-20
2.4567304350e-21
1.1687394555e-20
2.0663149771e-20
3.9115177634e-20
2.5554220879e-20
-9.5285171118e-21
5.0976514913e-06
-1.5372419611e-21
-1.1170571979e-20
-7.0871502151e-21
3.2035030214e-21
1.0115123919e-20
1.0860017343e-20
1.9702762994e-20
-1.0697826517e-21
2.3979654132e-13
4.5600582277e-13
6.9944768299e-13
3.7581968811e-13
-1.1665249032e-20
-1.4614606013e-21
-1.7460295090e-20
-1.5988318122e-20
-2.5113457350e-21
-5.7546953684e-20
-1.6001908885e-20
-1.8951301019e-21
-6.3100724099e-20
-5.7712714043e-21
2.5564786384e-21
5.6873837391e-17
2.1984615227e-21
5.3865074707e-06
-3.2045613684e-20
6.1523412064e-20
1.0368844096e-15
9.5687842938e-21
2.7056377316e-05
-3.2890734177e-21
1.8687430686e-21
-2.0647537508e-21
-7.9143394491e-22
-3.6258422323e-21
2.9347488727e-21
6.8041422052e-21
5.8906191358e-15
-1.0174566223e-20
1.3129505389e-20
-9.4534183692e-21
-4.2038166379e-22
-3.7035207674e-21
8.9999045870e-16
-1.7149964599e-21
5.0976514991e-06
-2.7412858240e-21
-8.2413766591e-22
8.4885412869e-22
4.2958393059e-21
-2.7382123746e-21
3.2444897400e-21
6.1877390754e-21
2.0890698392e-19
3.6913358614e-19
7.1637159306e-19
4.1168169591e-19
-9.0215489476e-21
-9.5387220696e-17
-5.6625190259e-21
-4.7188868297e-20
-4.9372098309e-16
-1.2288450810e-20
-4.5101717469e-20
-1.2646051862e-16
-1.7555271591e-21
3.7399343021e-21
9.4807867011e-21
-5.4332958055e-21
1.1527987189e-21
-1.5133087740e-22
2.3126254195e-21
1.1088806076e-20
-1.2193827747e-20
-6.3243974529e-21
-3.2890734177e-21
2.9061464333e-06
2.0434330475e-21
2.2517987092e-17
5.3875882586e-22
3.5985524217e-21
5.1490953852e-21
-7.1282886765e-22
7.0594880211e-21
-4.6278981695e-21
1.1211653519e-17
-2.4301481053e-21
1.0987561903e-21
-5.3301844627e-22
-2.8383202336e-21
-1.6386767699e-21
-1.3525681920e-21
8.5413643814e-07
1.9438441497e-21
2.8533406635e-17
-2.8730590533e-22
-7.0091401318e-22
6.3545586682e-22
-6.2581007584e-23
-3.3036108350e-18
-6.3624823036e-18
-9.3405176252e-18
-4.8783904888e-18
1.8010219874e-20
1.5125243894e-20
-6.4427001224e-21
8.6158403087e-20
9.3655193431e-20
-2.0186367082e-20
8.1449615236e-20
1.1527635952e-19
-1.5310096334e-20
-4.6585058686e-21
2.6014811200e-21
2.0481851830e-21
3.0104359478e-21
8.4839918562e-22
-6.3531378823e-23
3.7046827789e-21
3.9685063097e-21
-1.2445938624e-20
1.8687430686e-21
2.0434330475e-21
2.9061464331e-06
-3.0487587301e-22
-1.2017024437e-20
-8.3869890737e-22
2.3222349458e-21
-3.2325916765e-22
-7.3202306817e-20
5.5221591201e-21
8.7649565226e-21
-6.9656630318e-22
1.8900065602e-21
-4.8180804357e-22
-4.0979207944e-23
-2.5130221064e-21
-1.0105618067e-21
2.0667102103e-21
8.5413643781e-07
6.2643735528e-22
-4.4280787672e-21
2.7616709847e-22
5.5846222186e-21
1.0621846119e-22
-2.3888121917e-18
-4.5527931215e-18
-6.1561570865e-18
-3.1207596830e-18
-1.1155372939e-20
-4.6805599820e-16
-6.0758220207e-21
-5.9642012941e-20
-2.4227839665e-15
-4.1656204781e-20
-7.4054198772e-20
-6.2105745543e-16
-3.5242875106e-20
9.5286645445e-22
-6.6199913739e-21
-1.7566425113e-22
-2.0259227082e-21
-1.3792419265e-21
-6.2766205100e-21
-1.4774090041e-20
1.0026403971e-20
-6.0410030436e-21
-2.0647537508e-21
2.2517987092e-17
-3.0487587301e-22
2.9061464329e-06
-2.3670154384e-21
3.7267526172e-21
-7.4610011395e-22
4.1235157032e-22
-4.3879142665e-20
-5.2546140738e-21
5.4956192658e-17
-3.2702380037e-21
-4.8525786535e-21
6.7489803349e-22
-3.5646564836e-22
-2.3438193747e-21
1.2479349189e-21
2.8535646640e-17
-1.8460477345e-21
8.5413643765e-07
-1.0711145086e-21
-1.8338230333e-22
1.7946922944e-21
5.7213907712e-22
4.8695721276e-19
8.9567715188e-19
1.0594547415e-18
5.3866331537e-19
1.2159790661e-21
-7.6399935207e-21
-5.4307551392e-16
1.0413957543e-20
-5.2318359886e-20
-2.8111511326e-15
1.3205194032e-20
-6.9143291535e-20
-7.2064758369e-16
5.2378171135e-21
6.8863977349e-22
1.9288309461e-23
-2.1647972353e-22
-3.0228325059e-23
6.9707405056e-21
1.4400907578e-20
4.3735872784e-21
3.8115434963e-21
-7.9143394491e-22
5.3875882586e-22
-1.2017024437e-20
-2.3670154384e-21
2.9061464328e-06
2.0267043778e-23
4.4993013730e-17
1.0059063921e-21
3.7415631754e-21
1.0282815252e-21
-5.7518877973e-21
6.3761415577e-17
-1.1464910072e-21
3.1192869427e-21
-4.4132527412e-22
2.7250881288e-21
-9.4589910922e-22
1.2408037058e-21
-9.1614571189e-21
2.0636169624e-21
8.5413643754e-07
1.8101561223e-21
5.7068288958e-17
2.3441160893e-22
1.0238901690e-17
1.9644339676e-17
2.8683731905e-17
1.4931832400e-17
-4.1880559021e-16
-5.0300012069e-23
3.1439840209e-21
-2.1678132519e-15
1.0412410014e-21
1.4119648854e-20
-5.5575730524e-16
3.3703457342e-21
8.5418667358e-21
-1.8882601556e-22
9.1091134885e-22
4.0364548103e-21
2.3723695516e-23
-1.0917976738e-21
-1.0471559984e-21
1.3664795767e-23
9.2420460332e-21
3.4748276272e-22
-3.6258422323e-21
3.5985524217e-21
-8.3869890737e-22
3.7267526172e-21
2.0267043778e-23
2.9061464329e-06
3.2768398693e-21
2.2496003940e-17
2.3439104478e-19
4.9165319624e-17
3.0527668063e-22
1.1792451800e-21
-5.5255084883e-22
7.1975253329e-22
7.1912680959e-22
-3.9113864464e-22
-7.2871919106e-22
1.0402414841e-21
-1.4572110187e-22
-2.1324846343e-22
-6.9702346692e-22
8.5413643757e-07
1.4452432270e-21
2.8536930424e-17
-4.5825681908e-18
-8.8089448854e-18
-1.2658557066e-17
-6.5443993136e-18
8.6952608739e-21
1.3353575868e-21
-7.7890427353e-17
4.3569137303e-20
3.3570081107e-20
-4.0319520237e-16
4.7104830663e-20
6.8057390099e-20
-1.0332797889e-16
3.2256649241e-21
-2.7392735831e-21
3.9729335358e-21
5.3362524456e-21
1.2496670346e-21
-6.3218686251e-22
-1.0497052560e-20
4.6193649267e-21
1.4103164109e-20
2.9347488727e-21
5.1490953852e-21
2.3222349458e-21
-7.4610011395e-22
4.4993013730e-17
3.2768398693e-21
2.9061464331e-06
6.8292522981e-22
-1.0215045512e-19
3.4919933719e-21
4.4014779094e-21
9.1453637938e-18
-5.4440873599e-22
-3.7207493108e-22
-6.5193788064e-22
2.9991454657e-21
-7.4790811940e-23
3.7635981270e-22
4.0455436961e-21
1.3806952432e-21
5.7069347749e-17
2.1609496601e-21
8.5413643781e-07
1.1983343476e-22
1.7913360674e-18
3.4468281512e-18
4.8587891991e-18
2.4829974376e-18
-9.5415536882e-17
1.2741794224e-21
-3.4596814845e-21
-4.9394123701e-16
2.3990858664e-21
-1.6878612201e-20
-1.2668449865e-16
2.5382855237e-21
-1.2495625835e-20
2.4018585159e-22
-7.0925518669e-24
-1.9536987408e-22
-2.9017033970e-22
2.8872843072e-21
4.5093800749e-22
-3.8668711525e-22
-5.6047680164e-22
-6.5735773375e-22
6.8041422052e-21
-7.1282886765e-22
-3.2325916765e-22
4.1235157032e-22
1.0059063921e-21
2.2496003940e-17
6.8292522981e-22
2.9061464333e-06
3.8475025074e-20
1.1197923395e-17
3.9840139629e-22
-9.3824106180e-22
2.6022806013e-23
-7.5336174582e-23
-2.4599560456e-23
-9.6010333277e-23
7.3026333125e-22
1.0426260358e-22
-4.5840659156e-23
3.4186040298e-22
1.0290089037e-22
2.8537466437e-17
-1.1393983245e-21
8.5413643814e-07
5.7675352517e-04
1.1057125734e-03
1.6922809826e-03
8.8442717189e-04
2.9680893013e-20
4.3654368916e-21
-2.7172463807e-19
2.6383554189e-19
-2.0796147556e-19
2.6761079584e-19
1.1195226962e-18
2.2631377941e-19
-7.5816598267e-19
6.1113102064e-21
8.3395582291e-20
-1.1053110785e-14
8.1796152433e-20
-2.1265546369e-15
9.5892481359e-20
-4.6058183241e-20
3.0610194740e-14
1.6675071886e-20
5.8906191358e-15
7.0594880211e-21
-7.3202306817e-20
-4.3879142665e-20
3.7415631754e-21
2.3439104478e-19
-1.0215045512e-19
3.8475025074e-20
1.4630839959e-05
-8.3957324384e-19
3.5531402172e-20
4.5461447977e-19
3.7314573518e-19
7.4689757325e-20
-5.9465389435e-13
-4.7852963063e-19
-1.1444134468e-13
-7.3315900913e-20
4.9134982856e-19
1.9064490131e-19
-1.2570346172e-19
8.8795040967e-21
-3.0275308541e-20
1.4755071989e-19
-3.5682088833e-17
-6.8274194636e-17
-1.0165684022e-16
-5.3518434950e-17
1.7138065720e-06
-1.5740296610e-21
1.2477813575e-21
1.0528589097e-05
-8.9622014397e-21
-9.1441354280e-21
2.2495435856e-05
1.4768432761e-20
-2.7609029203e-20
-1.6109467183e-22
2.1815695066e-21
4.9396908707e-21
1.9540895062e-21
1.1335522404e-21
-3.1302527665e-22
2.0555296313e-21
-9.7831006070e-22
2.4567304350e-21
-1.0174566223e-20
-4.6278981695e-21
5.5221591201e-21
-5.2546140738e-21
1.0282815252e-21
4.9165319624e-17
3.4919933719e-21
1.1197923395e-17
-8.3957324384e-19
4.4799121562e-06
2.6481188731e-21
-7.0325447221e-21
2.6750928238e-22
5.7715071357e-21
-1.5003548429e-21
-3.3618722094e-22
1.6053721937e-21
-6.8215998713e-22
1.5278574578e-22
5.7957285194e-21
2.5222129473e-21
-4.8706873483e-15
-9.7056388482e-22
-1.1096497239e-15
-5.8847695864e-20
-4.2595779460e-19
1.4140246455e-18
1.3321654722e-18
4.9790013647e-21
1.7138065734e-06
-4.1354337719e-20
1.8586415937e-21
1.0528589107e-05
-1.7046968820e-19
-2.0799567973e-21
2.2495435881e-05
-2.9864262469e-19
8.6261809767e-22
-2.3757206951e-21
1.8510757325e-21
-4.2393496800e-21
6.1968811975e-21
4.5723245914e-21
-5.1547706595e-21
-1.3168385323e-20
1.1687394555e-20
1.3129505389e-20
1.1211653519e-17
8.7649565226e-21
5.4956192658e-17
-5.7518877973e-21
3.0527668063e-22
4.4014779094e-21
3.9840139629e-22
3.5531402172e-20
2.6481188731e-21
4.4799121633e-06
-1.9745058681e-20
5.8300926159e-21
4.9191762500e-21
3.1896968558e-21
1.7498152737e-20
7.3962307502e-21
-1.1096652744e-15
-3.4004101728e-21
-5.4437074584e-15
1.0888447331e-21
-3.3820320803e-21
6.5234056171e-21
-1.1238652023e-21
2.2951008440e-17
4.4369741832e-17
6.1326283137e-17
3.1139439365e-17
-2.5256481438e-21
2.0732336160e-20
1.7138065662e-06
-1.2933997441e-20
1.7074888427e-19
1.0528589056e-05
-2.8629051330e-20
6.2570026496e-20
2.2495435755e-05
-3.4649683014e-21
4.2257912489e-21
1.1097568706e-20
5.9992436676e-21
-2.2528633603e-21
-9.0330921969e-21
1.3824250372e-22
2.7302559216e-20
2.0663149771e-20
-9.4534183692e-21
-2.4301481053e-21
-6.9656630318e-22
-3.2702380037e-21
6.3761415577e-17
1.1792451800e-21
9.1453637938e-18
-9.3824106180e-22
4.5461447977e-19
-7.0325447221e-21
-1.9745058681e-20
4.4799121278e-06
5.2532196762e-21
-4.7131729018e-21
1.0529216865e-20
5.0845967347e-21
5.3277847431e-21
1.7647561344e-21
7.1497421740e-21
2.9480331556e-21
-6.3162490696e-15
-1.1434009875e-20
-9.0602291169e-16
-2.2055952560e-21
1.8603537206e-17
3.5970158771e-17
4.9183602693e-17
2.4654570692e-17
-3.2022510725e-22
-1.7951735266e-21
8.2931096988e-21
-9.8364854509e-23
1.7163145689e-20
6.1743069187e-20
-4.0027811433e-22
3.9395259595e-20
6.2497232178e-20
6.0444358296e-08
8.5117726140e-21
-6.7170192562e-21
6.8881818119e-21
5.9435628702e-21
5.0976514991e-06
2.6391175129e-20
-2.1897127263e-20
3.9115177634e-20
-4.2038166379e-22
1.0987561903e-21
1.8900065602e-21
-4.8525786535e-21
-1.1464910072e-21
-5.5255084883e-22
-5.4440873599e-22
2.6022806013e-23
3.7314573518e-19
2.6750928238e-22
5.8300926159e-21
5.2532196762e-21
4.6388875692e-06
1.2185592199e-20
-7.6993641359e-21
1.2880923883e-20
-2.2957456205e-21
2.3992289896e-21
8.1493957545e-21
-3.9613922231e-21
-3.1301691447e-21
6.2920032556e-23
9.5612940438e-22
-1.5894039994e-22
3.1096482849e-18
5.9255821880e-18
8.8029870544e-18
4.6572362033e-18
4.4387703644e-21
2.7221842866e-20
-9.0769780281e-21
3.4062430676e-20
1.1526230405e-19
-3.7194283576e-20
5.4899039388e-20
7.6111726194e-20
-2.7832175506e-20
8.4175663271e-21
6.0444358060e-08
8.4863495405e-22
2.3276846648e-21
2.7010084375e-21
2.5017715087e-20
5.0976514929e-06
-1.9165906873e-20
2.5554220879e-20
-3.7035207674e-21
-5.3301844627e-22
-4.8180804357e-22
6.7489803349e-22
3.1192869427e-21
7.1975253329e-22
-3.7207493108e-22
-7.5336174582e-23
7.4689757325e-20
5.7715071357e-21
4.9191762500e-21
-4.7131729018e-21
1.2185592199e-20
4.6388875601e-06
3.7847212076e-21
-2.4853153768e-22
-5.4373070698e-21
1.6050835914e-21
6.7480707307e-22
2.0580715356e-22
-2.0373399445e-21
-2.0659681282e-21
-1.1678579318e-21
-1.7419862095e-21
-2.5075969694e-11
-4.7931356067e-11
-7.1759380933e-11
-3.7885716662e-11
-1.1789283543e-20
-8.9489552946e-21
1.7518231592e-20
-6.7999323242e-20
-2.9416247971e-21
8.1656116968e-20
-5.5196559939e-20
4.7752895233e-20
4.7075985920e-20
1.0562162510e-21
2.9536883787e-21
6.0444357942e-08
-3.0357759491e-21
3.4099870167e-17
-4.1245928202e-21
2.3474999221e-20
5.0976514898e-06
-9.5285171118e-21
8.9999045870e-16
-2.8383202336e-21
-4.0979207944e-23
-3.5646564836e-22
-4.4132527412e-22
7.1912680959e-22
-6.5193788064e-22
-2.4599560456e-23
-5.9465389435e-13
-1.5003548429e-21
3.1896968558e-21
1.0529216865e-20
-7.6993641359e-21
3.7847212076e-21
4.6388875555e-06
-7.2806812825e-21
1.3193046290e-15
1.6070130028e-21
-1.0813937423e-21
1.4378488279e-21
-5.6893199588e-21
1.4227349605e-21
-1.0649817134e-22
-1.1340796080e-21
-1.9171300584e-17
-3.6745780367e-17
-5.5907151803e-17
-2.9593405960e-17
-1.1828202787e-20
5.4074489347e-22
1.3085619819e-20
-6.5297493532e-20
6.5740066200e-20
5.1680286903e-20
-4.5790709896e-20
1.2896979565e-19
5.8506541579e-20
2.4874594642e-21
-4.9849570812e-21
-1.8600171780e-21
6.0444358001e-08
-3.7660983316e-21
1.2069368590e-20
-5.6969005932e-21
-1.6028864562e-20
5.0976514913e-06
-1.7149964599e-21
-1.6386767699e-21
-2.5130221064e-21
-2.3438193747e-21
2.7250881288e-21
-3.9113864464e-22
2.9991454657e-21
-9.6010333277e-23
-4.7852963063e-19
-3.3618722094e-22
1.7498152737e-20
5.0845967347e-21
1.2880923883e-20
-2.4853153768e-22
-7.2806812825e-21
4.6388875578e-06
-1.0742225026e-21
-2.2664024610e-21
4.0968940816e-21
1.5937386322e-21
2.1202272273e-21
1.4635244761e-21
3.3699358394e-21
-4.6143084859e-22
-4.8258779772e-12
-9.2244039396e-12
-1.3810115183e-11
-7.2911180146e-12
1.1058743537e-20
4.4451081194e-21
-5.6948604680e-21
7.7902933269e-20
1.9648140714e-20
-2.1506528858e-20
7.8620928931e-20
2.4307095760e-20
1.0383894478e-20
3.2881476465e-22
-1.8337308305e-21
3.4106500874e-17
-2.3099306380e-21
6.0444358296e-08
-1.9030614401e-21
5.6443733053e-21
8.9999591312e-16
-1.5372419611e-21
5.0976514991e-06
-1.3525681920e-21
-1.0105618067e-21
1.2479349189e-21
-9.4589910922e-22
-7.2871919106e-22
-7.4790811940e-23
7.3026333125e-22
-1.1444134468e-13
1.6053721937e-21
7.3962307502e-21
5.3277847431e-21
-2.2957456205e-21
-5.4373070698e-21
1.3193046290e-15
-1.0742225026e-21
4.6388875692e-06
-2.9543182725e-21
-8.7092896503e-22
-2.7768842614e-22
1.9706387737e-21
-3.5727923125e-21
1.8693697767e-21
1.6852982241e-21
-3.3490385674e-18
-6.3979012792e-18
-9.2171978756e-18
-4.7820502462e-18
1.0421747880e-21
-8.4622515652e-16
1.7840562707e-20
2.1339904669e-20
-6.5989424436e-15
7.3059660239e-20
3.4917775567e-20
-1.1086765177e-14
5.4710628981e-20
-8.2702100480e-23
-5.8050728914e-21
-5.6108663770e-21
-4.4181188218e-21
2.9316380513e-22
6.6977708982e-21
-1.8340507213e-21
-2.1344952135e-21
-1.1170571979e-20
-2.7412858240e-21
8.5413643814e-07
2.0667102103e-21
2.8535646640e-17
1.2408037058e-21
1.0402414841e-21
3.7635981270e-22
1.0426260358e-22
-7.3315900913e-20
-6.8215998713e-22
-1.1096652744e-15
1.7647561344e-21
2.3992289896e-21
1.6050835914e-21
1.6070130028e-21
-2.2664024610e-21
-2.9543182725e-21
2.3959612984e-06
2.3956337295e-21
1.7538158467e-16
6.0009953978e-21
-7.4490162894e-22
1.5677058693e-22
1.3683903127e-22
2.1811709434e-17
4.1954213551e-17
6.0565768219e-17
3.1233282575e-17
-5.5522717790e-21
-8.8568449289e-21
9.1742822632e-21
-3.7046631254e-21
-4.3019014163e-20
8.8717877960e-20
3.6449597791e-21
-4.7426611553e-20
1.2198953162e-19
5.8371650706e-21
-2.5029159754e-21
-2.7506104924e-21
-2.8165075591e-21
-1.1074766906e-22
1.6134965858e-20
-1.1416930761e-21
-7.2218278861e-21
-7.0871502151e-21
-8.2413766591e-22
1.9438441497e-21
8.5413643781e-07
-1.8460477345e-21
-9.1614571189e-21
-1.4572110187e-22
4.0455436961e-21
-4.5840659156e-23
4.9134982856e-19
1.5278574578e-22
-3.4004101728e-21
7.1497421740e-21
8.1493957545e-21
6.7480707307e-22
-1.0813937423e-21
4.0968940816e-21
-8.7092896503e-22
2.3956337295e-21
2.3959612964e-06
-2.1021003843e-21
-1.1671370369e-20
-5.8721911102e-22
8.6707756462e-21
3.2223915643e-22
8.7150585327e-18
1.6671062006e-17
2.3953927589e-17
1.2402103847e-17
1.5985640745e-20
-4.1512751245e-15
6.5199945435e-21
8.6426730503e-20
-3.2372125281e-14
4.2640915976e-20
8.3032773638e-20
-5.4388203830e-14
3.5643441446e-20
1.7791406743e-22
2.7388963524e-22
1.3599712287e-21
9.9124107727e-22
4.8629734136e-22
-3.9827806125e-21
-6.9764594666e-22
6.3008210485e-21
3.2035030214e-21
8.4885412869e-22
2.8533406635e-17
6.2643735528e-22
8.5413643765e-07
2.0636169624e-21
-2.1324846343e-22
1.3806952432e-21
3.4186040298e-22
1.9064490131e-19
5.7957285194e-21
-5.4437074584e-15
2.9480331556e-21
-3.9613922231e-21
2.0580715356e-22
1.4378488279e-21
1.5937386322e-21
-2.7768842614e-22
1.7538158467e-16
-2.1021003843e-21
2.3959612954e-06
2.7615112671e-21
1.6649938251e-21
2.3739021446e-21
1.1646180172e-21
-5.4643500175e-18
-1.0465847634e-17
-1.5282323714e-17
-7.8873147976e-18
6.6243679592e-21
8.5288391411e-21
-4.8166674189e-15
2.8420092072e-20
3.4387027078e-20
-3.7560937092e-14
3.0519077611e-20
9.6477499524e-21
-6.3105839834e-14
-9.0409453856e-22
9.4041481555e-22
-2.4415189942e-21
2.4680786106e-21
1.1710340246e-21
-1.0203862275e-20
-2.6391451215e-22
-6.9213860828e-21
1.0115123919e-20
4.2958393059e-21
-2.8730590533e-22
-4.4280787672e-21
-1.0711145086e-21
8.5413643754e-07
-6.9702346692e-22
5.7069347749e-17
1.0290089037e-22
-1.2570346172e-19
2.5222129473e-21
1.0888447331e-21
-6.3162490696e-15
-3.1301691447e-21
-2.0373399445e-21
-5.6893199588e-21
2.1202272273e-21
1.9706387737e-21
6.0009953978e-21
-1.1671370369e-20
2.7615112671e-21
2.3959612947e-06
1.0965662829e-21
3.5077951775e-16
2.3128521516e-23
-2.8304799070e-19
-5.8135290934e-19
6.1542711502e-20
2.6674913154e-19
-3.7142887344e-15
-6.6454479338e-21
-2.0625387983e-20
-2.8964518599e-14
-3.6889952880e-20
-1.1158081458e-19
-4.8663145686e-14
-3.7977539027e-20
-1.4358555184e-19
-1.6122120528e-22
-2.6434924449e-21
2.6062328424e-21
2.2271629096e-21
6.0895967862e-22
2.9846764243e-23
-1.7572282287e-20
1.4452700701e-20
1.0860017343e-20
-2.7382123746e-21
-7.0091401318e-22
2.7616709847e-22
-1.8338230333e-22
1.8101561223e-21
8.5413643757e-07
2.1609496601e-21
2.8537466437e-17
8.8795040967e-21
-4.8706873483e-15
-3.3820320803e-21
-1.1434009875e-20
6.2920032556e-23
-2.0659681282e-21
1.4227349605e-21
1.4635244761e-21
-3.5727923125e-21
-7.4490162894e-22
-5.8721911102e-22
1.6649938251e-21
1.0965662829e-21
2.3959612949e-06
2.4591179479e-21
1.7538983663e-16
-1.4427936378e-18
-2.7751212119e-18
-3.7830114737e-18
-1.8818530347e-18
-1.4225761924e-21
2.3354066947e-20
-6.9090059608e-16
1.0458796580e-21
1.2588664601e-19
-5.3877554022e-15
-5.0518636961e-22
8.3707014003e-20
-9.0520285065e-15
4.6522674243e-23
-3.9706287504e-21
-1.0771135890e-21
2.7909216917e-21
5.2725371572e-22
-1.4371297074e-21
-1.3986969853e-20
-2.1976669217e-21
1.9702762994e-20
3.2444897400e-21
6.3545586682e-22
5.5846222186e-21
1.7946922944e-21
5.7068288958e-17
1.4452432270e-21
8.5413643781e-07
-1.1393983245e-21
-3.0275308541e-20
-9.7056388482e-22
6.5234056171e-21
-9.0602291169e-16
9.5612940438e-22
-1.1678579318e-21
-1.0649817134e-22
3.3699358394e-21
1.8693697767e-21
1.5677058693e-22
8.6707756462e-21
2.3739021446e-21
3.5077951775e-16
2.4591179479e-21
2.3959612964e-06
-2.7055494579e-22
7.0552759072e-18
1.3570832844e-17
1.8923016396e-17
9.6207686135e-18
-8.4619948988e-16
3.5658411690e-21
-2.9132927958e-21
-6.5987566379e-15
8.4959710928e-21
-3.1088512702e-20
-1.1086536551e-14
-7.6614281188e-21
-3.3206320392e-20
-8.7907276594e-23
-3.4089696447e-22
-3.0981498227e-22
-1.9003198017e-22
1.1500076301e-21
-2.7089539994e-22
-3.0541056786e-21
-2.3161413420e-21
-1.0697826517e-21
6.1877390754e-21
-6.2581007584e-23
1.0621846119e-22
5.7213907712e-22
2.3441160893e-22
2.8536930424e-17
1.1983343476e-22
8.5413643814e-07
1.4755071989e-19
-1.1096497239e-15
-1.1238652023e-21
-2.2055952560e-21
-1.5894039994e-22
-1.7419862095e-21
-1.1340796080e-21
-4.6143084859e-22
1.6852982241e-21
1.3683903127e-22
3.2223915643e-22
1.1646180172e-21
2.3128521516e-23
1.7538983663e-16
-2.7055494579e-22
2.3959612984e-06
2.6178006037e-02
5.0070113110e-02
7.2017904703e-02
3.7327372228e-02
1.3062208994e-18
1.5050046166e-18
-1.1446219313e-17
1.1404019118e-17
-7.6996800576e-18
2.0140821239e-17
4.6499233304e-17
7.5345680354e-18
-2.4309384232e-17
6.0304827968e-19
3.4279084340e-18
-4.7353406310e-13
4.0075654145e-18
-9.1103883445e-14
5.1151458066e-18
-2.5153325129e-18
1.2460815952e-12
-1.8593266882e-19
2.3979654132e-13
2.0890698392e-19
-3.3036108350e-18
-2.3888121917e-18
4.8695721276e-19
1.0238901690e-17
-4.5825681908e-18
1.7913360674e-18
5.7675352517e-04
-3.5682088833e-17
-5.8847695864e-20
2.2951008440e-17
1.8603537206e-17
3.1096482849e-18
-2.5075969694e-11
-1.9171300584e-17
-4.8258779772e-12
-3.3490385674e-18
2.1811709434e-17
8.7150585327e-18
-5.4643500175e-18
-2.8304799070e-19
-1.4427936378e-18
7.0552759072e-18
5.0070113110e-02
9.6395043022e-02
1.3808666636e-01
7.1312936526e-02
2.5208916305e-18
2.9782892322e-18
-2.1980870994e-17
2.2142869830e-17
-1.5164049326e-17
3.9107835103e-17
8.9058786847e-17
1.4788321026e-17
-4.6890737488e-17
1.1824849442e-18
6.5714626480e-18
-9.0473791108e-13
7.7440332390e-18
-1.7406357560e-13
9.8786626716e-18
-4.8475111792e-18
2.3695944948e-12
-4.1768344224e-19
4.5600582277e-13
3.6913358614e-19
-6.3624823036e-18
-4.5527931215e-18
8.9567715188e-19
1.9644339676e-17
-8.8089448854e-18
3.4468281512e-18
1.1057125734e-03
-6.8274194636e-17
-4.2595779460e-19
4.4369741832e-17
3.5970158771e-17
5.9255821880e-18
-4.7931356067e-11
-3.6745780367e-17
-9.2244039396e-12
-6.3979012792e-18
4.1954213551e-17
1.6671062006e-17
-1.0465847634e-17
-5.8135290934e-19
-2.7751212119e-18
1.3570832844e-17
7.2017904703e-02
1.3808666636e-01
2.0459098319e-01
1.0682200509e-01
3.6765705507e-18
3.5074349636e-18
-3.1889241135e-17
3.0832659872e-17
-1.9793044135e-17
5.3631866956e-17
1.3206518521e-16
1.8663156734e-17
-6.3336746545e-17
1.4100958817e-18
9.7256010593e-18
-1.3480740546e-12
1.0890712818e-17
-2.5935975780e-13
1.3872097186e-17
-6.9111161820e-18
3.6346144938e-12
1.6607894735e-18
6.9944768299e-13
7.1637159306e-19
-9.3405176252e-18
-6.1561570865e-18
1.0594547415e-18
2.8683731905e-17
-1.2658557066e-17
4.8587891991e-18
1.6922809826e-03
-1.0165684022e-16
1.4140246455e-18
6.1326283137e-17
4.9183602693e-17
8.8029870544e-18
-7.1759380933e-11
-5.5907151803e-17
-1.3810115183e-11
-9.2171978756e-18
6.0565768219e-17
2.3953927589e-17
-1.5282323714e-17
6.1542711502e-20
-3.7830114737e-18
1.8923016396e-17
3.7327372228e-02
7.1312936526e-02
1.0682200509e-01
5.6484033425e-02
1.8612824060e-18
1.6760557989e-18
-1.6608169708e-17
1.5083579386e-17
-9.4269209173e-18
2.7402878366e-17
6.8460855611e-17
8.8835464147e-18
-3.1718587656e-17
6.4956623074e-19
5.1005191169e-18
-7.1253883185e-13
5.5669869561e-18
-1.3708809437e-13
7.0205553850e-18
-3.5688646565e-18
1.9529085301e-12
1.4636903567e-18
3.7581968811e-13
4.1168169591e-19
-4.8783904888e-18
-3.1207596830e-18
5.3866331537e-19
1.4931832400e-17
-6.5443993136e-18
2.4829974376e-18
8.8442717189e-04
-5.3518434950e-17
1.3321654722e-18
3.1139439365e-17
2.4654570692e-17
4.6572362033e-18
-3.7885716662e-11
-2.9593405960e-17
-7.2911180146e-12
-4.7820502462e-18
3.1233282575e-17
1.2402103847e-17
-7.8873147976e-18
2.6674913154e-19
-1.8818530347e-18
9.6207686135e-18
1.3062208994e-18
2.5208916305e-18
3.6765705507e-18
1.8612824060e-18
2.4643903320e-05
1.3371969858e-20
5.0055168379e-21
4.6872825111e-05
1.3837743998e-20
-1.4629855998e-21
2.3345737519e-05
2.5276836314e-20
4.3521267867e-21
-5.2193741929e-22
1.4555894953e-21
2.0297304228e-21
-1.3930976105e-21
1.1449328875e-20
-9.0898584869e-22
-1.5733557780e-21
-3.1843983926e-21
1.6590675260e-21
-1.1665249032e-20
-9.0215489476e-21
1.8010219874e-20
-1.1155372939e-20
1.2159790661e-21
-4.1880559021e-16
8.6952608739e-21
-9.5415536882e-17
2.9680893013e-20
1.7138065720e-06
4.9790013647e-21
-2.5256481438e-21
-3.2022510725e-22
4.4387703644e-21
-1.1789283543e-20
-1.1828202787e-20
1.1058743537e-20
1.0421747880e-21
-5.5522717790e-21
1.5985640745e-20
6.6243679592e-21
-3.7142887344e-15
-1.4225761924e-21
-8.4619948988e-16
1.5050046166e-18
2.9782892322e-18
3.5074349636e-18
1.6760557989e-18
1.3371969858e-20
2.4643903320e-05
1.2221588903e-19
1.8506490790e-20
4.6872825112e-05
1.8271557398e-19
2.6754821831e-20
2.3345737523e-05
-6.5133445453e-21
-3.7000731223e-21
1.0168767530e-20
1.6448883324e-21
-1.8963989319e-20
1.9903334439e-21
1.8704940038e-20
-2.8157807695e-20
-2.2514805446e-21
1.3678740156e-20
-1.4614606013e-21
-9.5387220696e-17
1.5125243894e-20
-4.6805599820e-16
-7.6399935207e-21
-5.0300012069e-23
1.3353575868e-21
1.2741794224e-21
4.3654368916e-21
-1.5740296610e-21
1.7138065734e-06
2.0732336160e-20
-1.7951735266e-21
2.7221842866e-20
-8.9489552946e-21
5.4074489347e-22
4.4451081194e-21
-8.4622515652e-16
-8.8568449289e-21
-4.1512751245e-15
8.5288391411e-21
-6.6454479338e-21
2.3354066947e-20
3.5658411690e-21
-1.1446219313e-17
-2.1980870994e-17
-3.1889241135e-17
-1.6608169708e-17
5.0055168379e-21
1.2221588903e-19
2.4643903319e-05
3.1025895875e-20
1.7620263872e-19
4.6872825108e-05
1.7986272822e-20
4.5206278753e-20
2.3345737504e-05
3.3779587460e-22
1.4474585352e-20
2.4609491603e-20
1.5671486528e-20
-2.2867763465e-21
3.0391320959e-21
-6.7088569558e-21
-3.1572652271e-20
9.3318916868e-21
-1.7460295090e-20
-5.6625190259e-21
-6.4427001224e-21
-6.0758220207e-21
-5.4307551392e-16
3.1439840209e-21
-7.7890427353e-17
-3.4596814845e-21
-2.7172463807e-19
1.2477813575e-21
-4.1354337719e-20
1.7138065662e-06
8.2931096988e-21
-9.0769780281e-21
1.7518231592e-20
1.3085619819e-20
-5.6948604680e-21
1.7840562707e-20
9.1742822632e-21
6.5199945435e-21
-4.8166674189e-15
-2.0625387983e-20
-6.9090059608e-16
-2.9132927958e-21
1.1404019118e-17
2.2142869830e-17
3.0832659872e-17
1.5083579386e-17
4.6872825111e-05
1.8506490790e-20
3.1025895875e-20
2.6046142195e-04
3.7713035483e-20
-1.9784346314e-20
1.9555386406e-04
1.3189075888e-19
2.1032515911e-20
-3.3053436700e-21
6.0920155686e-21
1.6003303573e-20
2.0003271414e-21
4.7183542987e-20
-8.1533019969e-21
-4.2250963021e-21
-5.3086126841e-20
-5.2606467911e-21
-1.5988318122e-20
-4.7188868297e-20
8.6158403087e-20
-5.9642012941e-20
1.0413957543e-20
-2.1678132519e-15
4.3569137303e-20
-4.9394123701e-16
2.6383554189e-19
1.0528589097e-05
1.8586415937e-21
-1.2933997441e-20
-9.8364854509e-23
3.4062430676e-20
-6.7999323242e-20
-6.5297493532e-20
7.7902933269e-20
2.1339904669e-20
-3.7046631254e-21
8.6426730503e-20
2.8420092072e-20
-2.8964518599e-14
1.0458796580e-21
-6.5987566379e-15
-7.6996800576e-18
-1.5164049326e-17
-1.9793044135e-17
-9.4269209173e-18
1.3837743998e-20
4.6872825112e-05
1.7620263872e-19
3.7713035483e-20
2.6046142195e-04
1.1154721888e-18
8.8694134061e-20
1.9555386408e-04
-2.6465042826e-19
-1.4080047718e-21
5.1883488407e-20
2.7673076461e-20
-1.0359918631e-19
1.5846882083e-20
7.2950712848e-20
-5.7977243051e-20
1.1241921914e-20
7.1050323025e-21
-2.5113457350e-21
-4.9372098309e-16
9.3655193431e-20
-2.4227839665e-15
-5.2318359886e-20
1.0412410014e-21
3.3570081107e-20
2.3990858664e-21
-2.0796147556e-19
-8.9622014397e-21
1.0528589107e-05
1.7074888427e-19
1.7163145689e-20
1.1526230405e-19
-2.9416247971e-21
6.5740066200e-20
1.9648140714e-20
-6.5989424436e-15
-4.3019014163e-20
-3.2372125281e-14
3.4387027078e-20
-3.6889952880e-20
1.2588664601e-19
8.4959710928e-21
2.0140821239e-17
3.9107835103e-17
5.3631866956e-17
2.7402878366e-17
-1.4629855998e-21
1.8271557398e-19
4.6872825108e-05
-1.9784346314e-20
1.1154721888e-18
2.6046142195e-04
-1.0565244055e-19
1.7714143556e-19
1.9555386398e-04
1.9440185168e-20
4.6027914317e-20
1.1184413512e-19
6.7375192464e-20
5.8347170371e-22
6.5149143671e-20
-3.4162074485e-20
-1.0780798970e-19
1.1578422541e-19
-5.7546953684e-20
-1.2288450810e-20
-2.0186367082e-20
-4.1656204781e-20
-2.8111511326e-15
1.4119648854e-20
-4.0319520237e-16
-1.6878612201e-20
2.6761079584e-19
-9.1441354280e-21
-1.7046968820e-19
1.0528589056e-05
6.1743069187e-20
-3.7194283576e-20
8.1656116968e-20
5.1680286903e-20
-2.1506528858e-20
7.3059660239e-20
8.8717877960e-20
4.2640915976e-20
-3.7560937092e-14
-1.1158081458e-19
-5.3877554022e-15
-3.1088512702e-20
4.6499233304e-17
8.9058786847e-17
1.3206518521e-16
6.8460855611e-17
2.3345737519e-05
2.6754821831e-20
1.7986272822e-20
1.9555386406e-04
8.8694134061e-20
-1.0565244055e-19
2.9595983108e-04
2.5445812734e-19
-9.8229877940e-20
-2.3199853490e-21
1.2594392110e-20
3.7001157484e-20
1.1265122402e-20
2.8756001060e-20
-1.0936081682e-20
7.1372793280e-21
-5.7824667089e-20
-1.0269374504e-21
-1.6001908885e-20
-4.5101717469e-20
8.1449615236e-20
-7.4054198772e-20
1.3205194032e-20
-5.5575730524e-16
4.7104830663e-20
-1.2668449865e-16
1.1195226962e-18
2.2495435856e-05
-2.0799567973e-21
-2.8629051330e-20
-4.0027811433e-22
5.4899039388e-20
-5.5196559939e-20
-4.5790709896e-20
7.8620928931e-20
3.4917775567e-20
3.6449597791e-21
8.3032773638e-20
3.0519077611e-20
-4.8663145686e-14
-5.0518636961e-22
-1.1086536551e-14
7.5345680354e-18
1.4788321026e-17
1.8663156734e-17
8.8835464147e-18
2.5276836314e-20
2.3345737523e-05
4.5206278753e-20
1.3189075888e-19
1.9555386408e-04
1.7714143556e-19
2.5445812734e-19
2.9595983115e-04
-4.3648928026e-19
1.0749358761e-20
3.2306411205e-20
3.0667441930e-20
-1.1342588020e-19
2.5545479933e-20
5.6181383067e-20
-3.0136530924e-20
-2.3624332485e-20
2.2275830455e-21
-1.8951301019e-21
-1.2646051862e-16
1.1527635952e-19
-6.2105745543e-16
-6.9143291535e-20
3.3703457342e-21
6.8057390099e-20
2.5382855237e-21
2.2631377941e-19
1.4768432761e-20
2.2495435881e-05
6.2570026496e-20
3.9395259595e-20
7.6111726194e-20
4.7752895233e-20
1.2896979565e-19
2.4307095760e-20
-1.1086765177e-14
-4.7426611553e-20
-5.4388203830e-14
9.6477499524e-21
-3.7977539027e-20
8.3707014003e-20
-7.6614281188e-21
-2.4309384232e-17
-4.6890737488e-17
-6.3336746545e-17
-3.1718587656e-17
4.3521267867e-21
-6.5133445453e-21
2.3345737504e-05
2.1032515911e-20
-2.6465042826e-19
1.9555386398e-04
-9.8229877940e-20
-4.3648928026e-19
2.9595983078e-04
6.8947736705e-22
2.7143729913e-20
5.8433633905e-20
4.4080987588e-20
-3.6865696611e-22
3.5876596925e-20
-8.8461119317e-21
-1.1122742599e-19
1.4801940726e-19
-6.3100724099e-20
-1.7555271591e-21
-1.5310096334e-20
-3.5242875106e-20
-7.2064758369e-16
8.5418667358e-21
-1.0332797889e-16
-1.2495625835e-20
-7.5816598267e-19
-2.7609029203e-20
-2.9864262469e-19
2.2495435755e-05
6.2497232178e-20
-2.7832175506e-20
4.7075985920e-20
5.8506541579e-20
1.0383894478e-20
5.4710628981e-20
1.2198953162e-19
3.5643441446e-20
-6.3105839834e-14
-1.4358555184e-19
-9.0520285065e-15
-3.3206320392e-20
6.0304827968e-19
1.1824849442e-18
1.4100958817e-18
6.4956623074e-19
-5.2193741929e-22
-3.7000731223e-21
3.3779587460e-22
-3.3053436700e-21
-1.4080047718e-21
1.9440185168e-20
-2.3199853490e-21
1.0749358761e-20
6.8947736705e-22
6.8910666338e-06
-7.8204569663e-22
-8.0265551585e-21
-9.3027543838e-21
1.6602979000e-21
5.3865074707e-06
-1.2003323371e-20
-1.0742509516e-20
-5.8576713765e-21
-5.7712714043e-21
3.7399343021e-21
-4.6585058686e-21
9.5286645445e-22
5.2378171135e-21
-1.8882601556e-22
3.2256649241e-21
2.4018585159e-22
6.1113102064e-21
-1.6109467183e-22
8.6261809767e-22
-3.4649683014e-21
6.0444358296e-08
8.4175663271e-21
1.0562162510e-21
2.4874594642e-21
3.2881476465e-22
-8.2702100480e-23
5.8371650706e-21
1.7791406743e-22
-9.0409453856e-22
-1.6122120528e-22
4.6522674243e-23
-8.7907276594e-23
3.4279084340e-18
6.5714626480e-18
9.7256010593e-18
5.1005191169e-18
1.4555894953e-21
1.0168767530e-20
1.4474585352e-20
6.0920155686e-21
5.1883488407e-20
4.6027914317e-20
1.2594392110e-20
3.2306411205e-20
2.7143729913e-20
-7.8204569663e-22
6.8910666336e-06
7.3910498858e-23
-1.5689762693e-20
2.5005506627e-21
1.0960075857e-20
5.3865074703e-06
-2.0026043696e-21
-4.0515161161e-21
2.5564786384e-21
9.4807867011e-21
2.6014811200e-21
-6.6199913739e-21
6.8863977349e-22
9.1091134885e-22
-2.7392735831e-21
-7.0925518669e-24
8.3395582291e-20
2.1815695066e-21
-2.3757206951e-21
4.2257912489e-21
8.5117726140e-21
6.0444358060e-08
2.9536883787e-21
-4.9849570812e-21
-1.8337308305e-21
-5.8050728914e-21
-2.5029159754e-21
2.7388963524e-22
9.4041481555e-22
-2.6434924449e-21
-3.9706287504e-21
-3.4089696447e-22
-4.7353406310e-13
-9.0473791108e-13
-1.3480740546e-12
-7.1253883185e-13
2.0297304228e-21
1.6448883324e-21
2.4609491603e-20
1.6003303573e-20
2.7673076461e-20
1.1184413512e-19
3.7001157484e-20
3.0667441930e-20
5.8433633905e-20
-8.0265551585e-21
7.3910498858e-23
6.8910666335e-06
1.3023128353e-21
2.5387379079e-17
-1.8936000081e-20
6.0181770731e-21
5.3865074701e-06
5.7270713735e-22
5.6873837391e-17
-5.4332958055e-21
2.0481851830e-21
-1.7566425113e-22
1.9288309461e-23
4.0364548103e-21
3.9729335358e-21
-1.9536987408e-22
-1.1053110785e-14
4.9396908707e-21
1.8510757325e-21
1.1097568706e-20
-6.7170192562e-21
8.4863495405e-22
6.0444357942e-08
-1.8600171780e-21
3.4106500874e-17
-5.6108663770e-21
-2.7506104924e-21
1.3599712287e-21
-2.4415189942e-21
2.6062328424e-21
-1.0771135890e-21
-3.0981498227e-22
4.0075654145e-18
7.7440332390e-18
1.0890712818e-17
5.5669869561e-18
-1.3930976105e-21
-1.8963989319e-20
1.5671486528e-20
2.0003271414e-21
-1.0359918631e-19
6.7375192464e-20
1.1265122402e-20
-1.1342588020e-19
4.4080987588e-20
-9.3027543838e-21
-1.5689762693e-20
1.3023128353e-21
6.8910666336e-06
2.1995948495e-21
1.7116073863e-20
1.1283137004e-20
3.5755474801e-21
5.3865074702e-06
2.1984615227e-21
1.1527987189e-21
3.0104359478e-21
-2.0259227082e-21
-2.1647972353e-22
2.3723695516e-23
5.3362524456e-21
-2.9017033970e-22
8.1796152433e-20
1.9540895062e-21
-4.2393496800e-21
5.9992436676e-21
6.8881818119e-21
2.3276846648e-21
-3.0357759491e-21
6.0444358001e-08
-2.3099306380e-21
-4.4181188218e-21
-2.8165075591e-21
9.9124107727e-22
2.4680786106e-21
2.2271629096e-21
2.7909216917e-21
-1.9003198017e-22
-9.1103883445e-14
-1.7406357560e-13
-2.5935975780e-13
-1.3708809437e-13
1.1449328875e-20
1.9903334439e-21
-2.2867763465e-21
4.7183542987e-20
1.5846882083e-20
5.8347170371e-22
2.8756001060e-20
2.5545479933e-20
-3.6865696611e-22
1.6602979000e-21
2.5005506627e-21
2.5387379079e-17
2.1995948495e-21
6.8910666338e-06
4.7687613371e-21
1.9045609579e-20
5.6866928780e-17
-1.2991380084e-21
5.3865074707e-06
-1.5133087740e-22
8.4839918562e-22
-1.3792419265e-21
-3.0228325059e-23
-1.0917976738e-21
1.2496670346e-21
2.8872843072e-21
-2.1265546369e-15
1.1335522404e-21
6.1968811975e-21
-2.2528633603e-21
5.9435628702e-21
2.7010084375e-21
3.4099870167e-17
-3.7660983316e-21
6.0444358296e-08
2.9316380513e-22
-1.1074766906e-22
4.8629734136e-22
1.1710340246e-21
6.0895967862e-22
5.2725371572e-22
1.1500076301e-21
5.1151458066e-18
9.8786626716e-18
1.3872097186e-17
7.0205553850e-18
-9.0898584869e-22
1.8704940038e-20
3.0391320959e-21
-8.1533019969e-21
7.2950712848e-20
6.5149143671e-20
-1.0936081682e-20
5.6181383067e-20
3.5876596925e-20
5.3865074707e-06
1.0960075857e-20
-1.8936000081e-20
1.7116073863e-20
4.7687613371e-21
2.7056377316e-05
-4.2077601175e-20
-3.0888018195e-20
4.9561742841e-20
-3.2045613684e-20
2.3126254195e-21
-6.3531378823e-23
-6.2766205100e-21
6.9707405056e-21
-1.0471559984e-21
-6.3218686251e-22
4.5093800749e-22
9.5892481359e-20
-3.1302527665e-22
4.5723245914e-21
-9.0330921969e-21
5.0976514991e-06
2.5017715087e-20
-4.1245928202e-21
1.2069368590e-20
-1.9030614401e-21
6.6977708982e-21
1.6134965858e-20
-3.9827806125e-21
-1.0203862275e-20
2.9846764243e-23
-1.4371297074e-21
-2.7089539994e-22
-2.5153325129e-18
-4.8475111792e-18
-6.9111161820e-18
-3.5688646565e-18
-1.5733557780e-21
-2.8157807695e-20
-6.7088569558e-21
-4.2250963021e-21
-5.7977243051e-20
-3.4162074485e-20
7.1372793280e-21
-3.0136530924e-20
-8.8461119317e-21
-1.2003323371e-20
5.3865074703e-06
6.0181770731e-21
1.1283137004e-20
1.9045609579e-20
-4.2077601175e-20
2.7056377309e-05
-9.5185618363e-21
8.4556619056e-20
6.1523412064e-20
1.1088806076e-20
3.7046827789e-21
-1.4774090041e-20
1.4400907578e-20
1.3664795767e-23
-1.0497052560e-20
-3.8668711525e-22
-4.6058183241e-20
2.0555296313e-21
-5.1547706595e-21
1.3824250372e-22
2.6391175129e-20
5.0976514929e-06
2.3474999221e-20
-5.6969005932e-21
5.6443733053e-21
-1.8340507213e-21
-1.1416930761e-21
-6.9764594666e-22
-2.6391451215e-22
-1.7572282287e-20
-1.3986969853e-20
-3.0541056786e-21
1.2460815952e-12
2.3695944948e-12
3.6346144938e-12
1.9529085301e-12
-3.1843983926e-21
-2.2514805446e-21
-3.1572652271e-20
-5.3086126841e-20
1.1241921914e-20
-1.0780798970e-19
-5.7824667089e-20
-2.3624332485e-20
-1.1122742599e-19
-1.0742509516e-20
-2.0026043696e-21
5.3865074701e-06
3.5755474801e-21
5.6866928780e-17
-3.0888018195e-20
-9.5185618363e-21
2.7056377305e-05
-7.1673187955e-21
1.0368844096e-15
-1.2193827747e-20
3.9685063097e-21
1.0026403971e-20
4.3735872784e-21
9.2420460332e-21
4.6193649267e-21
-5.6047680164e-22
3.0610194740e-14
-9.7831006070e-22
-1.3168385323e-20
2.7302559216e-20
-2.1897127263e-20
-1.9165906873e-20
5.0976514898e-06
-1.6028864562e-20
8.9999591312e-16
-2.1344952135e-21
-7.2218278861e-21
6.3008210485e-21
-6.9213860828e-21
1.4452700701e-20
-2.1976669217e-21
-2.3161413420e-21
-1.8593266882e-19
-4.1768344224e-19
1.6607894735e-18
1.4636903567e-18
1.6590675260e-21
1.3678740156e-20
9.3318916868e-21
-5.2606467911e-21
7.1050323025e-21
1.1578422541e-19
-1.0269374504e-21
2.2275830455e-21
1.4801940726e-19
-5.8576713765e-21
-4.0515161161e-21
5.7270713735e-22
5.3865074702e-06
-1.2991380084e-21
4.9561742841e-20
8.4556619056e-20
-7.1673187955e-21
2.7056377307e-05
9.5687842938e-21
-6.3243974529e-21
-1.2445938624e-20
-6.0410030436e-21
3.8115434963e-21
3.4748276272e-22
1.4103164109e-20
-6.5735773375e-22
1.6675071886e-20
2.4567304350e-21
1.1687394555e-20
2.0663149771e-20
3.9115177634e-20
2.5554220879e-20
-9.5285171118e-21
5.0976514913e-06
-1.5372419611e-21
-1.1170571979e-20
-7.0871502151e-21
3.2035030214e-21
1.0115123919e-20
1.0860017343e-20
1.9702762994e-20
-1.0697826517e-21
2.3979654132e-13
4.5600582277e-13
6.9944768299e-13
3.7581968811e-13
-1.1665249032e-20
-1.4614606013e-21
-1.7460295090e-20
-1.5988318122e-20
-2.5113457350e-21
-5.7546953684e-20
-1.6001908885e-20
-1.8951301019e-21
-6.3100724099e-20
-5.7712714043e-21
2.5564786384e-21
5.6873837391e-17
2.1984615227e-21
5.3865074707e-06
-3.2045613684e-20
6.1523412064e-20
1.0368844096e-15
9.5687842938e-21
2.7056377316e-05
-3.2890734177e-21
1.8687430686e-21
-2.0647537508e-21
-7.9143394491e-22
-3.6258422323e-21
2.9347488727e-21
6.8041422052e-21
5.8906191358e-15
-1.0174566223e-20
1.3129505389e-20
-9.4534183692e-21
-4.2038166379e-22
-3.7035207674e-21
8.9999045870e-16
-1.7149964599e-21
5.0976514991e-06
-2.7412858240e-21
-8.2413766591e-22
8.4885412869e-22
4.2958393059e-21
-2.7382123746e-21
3.2444897400e-21
6.1877390754e-21
2.0890698392e-19
3.6913358614e-19
7.1637159306e-19
4.1168169591e-19
-9.0215489476e-21
-9.5387220696e-17
-5.6625190259e-21
-4.7188868297e-20
-4.9372098309e-16
-1.2288450810e-20
-4.5101717469e-20
-1.2646051862e-16
-1.7555271591e-21
3.7399343021e-21
9.4807867011e-21
-5.4332958055e-21
1.1527987189e-21
-1.5133087740e-22
2.3126254195e-21
1.1088806076e-20
-1.2193827747e-20
-6.3243974529e-21
-3.2890734177e-21
2.9061464333e-06
2.0434330475e-21
2.2517987092e-17
5.3875882586e-22
3.5985524217e-21
5.1490953852e-21
-7.1282886765e-22
7.0594880211e-21
-4.6278981695e-21
1.1211653519e-17
-2.4301481053e-21
1.0987561903e-21
-5.3301844627e-22
-2.8383202336e-21
-1.6386767699e-21
-1.3525681920e-21
8.5413643814e-07
1.9438441497e-21
2.8533406635e-17
-2.8730590533e-22
-7.0091401318e-22
6.3545586682e-22
-6.2581007584e-23
-3.3036108350e-18
-6.3624823036e-18
-9.3405176252e-18
-4.8783904888e-18
1.8010219874e-20
1.5125243894e-20
-6.4427001224e-21
8.6158403087e-20
9.3655193431e-20
-2.0186367082e-20
8.1449615236e-20
1.1527635952e-19
-1.5310096334e-20
-4.6585058686e-21
2.6014811200e-21
2.0481851830e-21
3.0104359478e-21
8.4839918562e-22
-6.3531378823e-23
3.7046827789e-21
3.9685063097e-21
-1.2445938624e-20
1.8687430686e-21
2.0434330475e-21
2.9061464331e-06
-3.0487587301e-22
-1.2017024437e-20
-8.3869890737e-22
2.3222349458e-21
-3.2325916765e-22
-7.3202306817e-20
5.5221591201e-21
8.7649565226e-21
-6.9656630318e-22
1.8900065602e-21
-4.8180804357e-22
-4.0979207944e-23
-2.5130221064e-21
-1.0105618067e-21
2.0667102103e-21
8.5413643781e-07
6.2643735528e-22
-4.4280787672e-21
2.7616709847e-22
5.5846222186e-21
1.0621846119e-22
-2.3888121917e-18
-4.5527931215e-18
-6.1561570865e-18
-3.1207596830e-18
-1.1155372939e-20
-4.6805599820e-16
-6.0758220207e-21
-5.9642012941e-20
-2.4227839665e-15
-4.1656204781e-20
-7.4054198772e-20
-6.2105745543e-16
-3.5242875106e-20
9.5286645445e-22
-6.6199913739e-21
-1.7566425113e-22
-2.0259227082e-21
-1.3792419265e-21
-6.2766205100e-21
-1.4774090041e-20
1.0026403971e-20
-6.0410030436e-21
-2.0647537508e-21
2.2517987092e-17
-3.0487587301e-22
2.9061464329e-06
-2.3670154384e-21
3.7267526172e-21
-7.4610011395e-22
4.1235157032e-22
-4.3879142665e-20
-5.2546140738e-21
5.4956192658e-17
-3.2702380037e-21
-4.8525786535e-21
6.7489803349e-22
-3.5646564836e-22
-2.3438193747e-21
1.2479349189e-21
2.8535646640e-17
-1.8460477345e-21
8.5413643765e-07
-1.0711145086e-21
-1.8338230333e-22
1.7946922944e-21
5.7213907712e-22
4.8695721276e-19
8.9567715188e-19
1.0594547415e-18
5.3866331537e-19
1.2159790661e-21
-7.6399935207e-21
-5.4307551392e-16
1.0413957543e-20
-5.2318359886e-20
-2.8111511326e-15
1.3205194032e-20
-6.9143291535e-20
-7.2064758369e-16
5.2378171135e-21
6.8863977349e-22
1.9288309461e-23
-2.1647972353e-22
-3.0228325059e-23
6.9707405056e-21
1.4400907578e-20
4.3735872784e-21
3.8115434963e-21
-7.9143394491e-22
5.3875882586e-22
-1.2017024437e-20
-2.3670154384e-21
2.9061464328e-06
2.0267043778e-23
4.4993013730e-17
1.0059063921e-21
3.7415631754e-21
1.0282815252e-21
-5.7518877973e-21
6.3761415577e-17
-1.1464910072e-21
3.1192869427e-21
-4.4132527412e-22
2.7250881288e-21
-9.4589910922e-22
1.2408037058e-21
-9.1614571189e-21
2.0636169624e-21
8.5413643754e-07
1.8101561223e-21
5.7068288958e-17
2.3441160893e-22
1.0238901690e-17
1.9644339676e-17
2.8683731905e-17
1.4931832400e-17
-4.1880559021e-16
-5.0300012069e-23
3.1439840209e-21
-2.1678132519e-15
1.0412410014e-21
1.4119648854e-20
-5.5575730524e-16
3.3703457342e-21
8.5418667358e-21
-1.8882601556e-22
9.1091134885e-22
4.0364548103e-21
2.3723695516e-23
-1.0917976738e-21
-1.0471559984e-21
1.3664795767e-23
9.2420460332e-21
3.4748276272e-22
-3.6258422323e-21
3.5985524217e-21
-8.3869890737e-22
3.7267526172e-21
2.0267043778e-23
2.9061464329e-06
3.2768398693e-21
2.2496003940e-17
2.3439104478e-19
4.9165319624e-17
3.0527668063e-22
1.1792451800e-21
-5.5255084883e-22
7.1975253329e-22
7.1912680959e-22
-3.9113864464e-22
-7.2871919106e-22
1.0402414841e-21
-1.4572110187e-22
-2.1324846343e-22
-6.9702346692e-22
8.5413643757e-07
1.4452432270e-21
2.8536930424e-17
-4.5825681908e-18
-8.8089448854e-18
-1.2658557066e-17
-6.5443993136e-18
8.6952608739e-21
1.3353575868e-21
-7.7890427353e-17
4.3569137303e-20
3.3570081107e-20
-4.0319520237e-16
4.7104830663e-20
6.8057390099e-20
-1.0332797889e-16
3.2256649241e-21
-2.7392735831e-21
3.9729335358e-21
5.3362524456e-21
1.2496670346e-21
-6.3218686251e-22
-1.0497052560e-20
4.6193649267e-21
1.4103164109e-20
2.9347488727e-21
5.1490953852e-21
2.3222349458e-21
-7.4610011395e-22
4.4993013730e-17
3.2768398693e-21
2.9061464331e-06
6.8292522981e-22
-1.0215045512e-19
3.4919933719e-21
4.4014779094e-21
9.1453637938e-18
-5.4440873599e-22
-3.7207493108e-22
-6.5193788064e-22
2.9991454657e-21
-7.4790811940e-23
3.7635981270e-22
4.0455436961e-21
1.3806952432e-21
5.7069347749e-17
2.1609496601e-21
8.5413643781e-07
1.1983343476e-22
1.7913360674e-18
3.4468281512e-18
4.8587891991e-18
2.4829974376e-18
-9.5415536882e-17
1.2741794224e-21
-3.4596814845e-21
-4.9394123701e-16
2.3990858664e-21
-1.6878612201e-20
-1.2668449865e-16
2.5382855237e-21
-1.2495625835e-20
2.4018585159e-22
-7.0925518669e-24
-1.9536987408e-22
-2.9017033970e-22
2.8872843072e-21
4.5093800749e-22
-3.8668711525e-22
-5.6047680164e-22
-6.5735773375e-22
6.8041422052e-21
-7.1282886765e-22
-3.2325916765e-22
4.1235157032e-22
1.0059063921e-21
2.2496003940e-17
6.8292522981e-22
2.9061464333e-06
3.8475025074e-20
1.1197923395e-17
3.9840139629e-22
-9.3824106180e-22
2.6022806013e-23
-7.5336174582e-23
-2.4599560456e-23
-9.6010333277e-23
7.3026333125e-22
1.0426260358e-22
-4.5840659156e-23
3.4186040298e-22
1.0290089037e-22
2.8537466437e-17
-1.1393983245e-21
8.5413643814e-07
5.7675352517e-04
1.1057125734e-03
1.6922809826e-03
8.8442717189e-04
2.9680893013e-20
4.3654368916e-21
-2.7172463807e-19
2.6383554189e-19
-2.0796147556e-19
2.6761079584e-19
1.1195226962e-18
2.2631377941e-19
-7.5816598267e-19
6.1113102064e-21
8.3395582291e-20
-1.1053110785e-14
8.1796152433e-20
-2.1265546369e-15
9.5892481359e-20
-4.6058183241e-20
3.0610194740e-14
1.6675071886e-20
5.8906191358e-15
7.0594880211e-21
-7.3202306817e-20
-4.3879142665e-20
3.7415631754e-21
2.3439104478e-19
-1.0215045512e-19
3.8475025074e-20
1.4630839959e-05
-8.3957324384e-19
3.5531402172e-20
4.5461447977e-19
3.7314573518e-19
7.4689757325e-20
-5.9465389435e-13
-4.7852963063e-19
-1.1444134468e-13
-7.3315900913e-20
4.9134982856e-19
1.9064490131e-19
-1.2570346172e-19
8.8795040967e-21
-3.0275308541e-20
1.4755071989e-19
-3.5682088833e-17
-6.8274194636e-17
-1.0165684022e-16
-5.3518434950e-17
1.7138065720e-06
-1.5740296610e-21
1.2477813575e-21
1.0528589097e-05
-8.9622014397e-21
-9.1441354280e-21
2.2495435856e-05
1.4768432761e-20
-2.7609029203e-20
-1.6109467183e-22
2.1815695066e-21
4.9396908707e-21
1.9540895062e-21
1.1335522404e-21
-3.1302527665e-22
2.0555296313e-21
-9.7831006070e-22
2.4567304350e-21
-1.0174566223e-20
-4.6278981695e-21
5.5221591201e-21
-5.2546140738e-21
1.0282815252e-21
4.9165319624e-17
3.4919933719e-21
1.1197923395e-17
-8.3957324384e-19
4.4799121562e-06
2.6481188731e-21
-7.0325447221e-21
2.6750928238e-22
5.7715071357e-21
-1.5003548429e-21
-3.3618722094e-22
1.6053721937e-21
-6.8215998713e-22
1.5278574578e-22
5.7957285194e-21
2.5222129473e-21
-4.8706873483e-15
-9.7056388482e-22
-1.1096497239e-15
-5.8847695864e-20
-4.2595779460e-19
1.4140246455e-18
1.3321654722e-18
4.9790013647e-21
1.7138065734e-06
-4.1354337719e-20
1.8586415937e-21
1.0528589107e-05
-1.7046968820e-19
-2.0799567973e-21
2.2495435881e-05
-2.9864262469e-19
8.6261809767e-22
-2.3757206951e-21
1.8510757325e-21
-4.2393496800e-21
6.1968811975e-21
4.5723245914e-21
-5.1547706595e-21
-1.3168385323e-20
1.1687394555e-20
1.3129505389e-20
1.1211653519e-17
8.7649565226e-21
5.4956192658e-17
-5.7518877973e-21
3.0527668063e-22
4.4014779094e-21
3.9840139629e-22
3.5531402172e-20
2.6481188731e-21
4.4799121633e-06
-1.9745058681e-20
5.8300926159e-21
4.9191762500e-21
3.1896968558e-21
1.7498152737e-20
7.3962307502e-21
-1.1096652744e-15
-3.4004101728e-21
-5.4437074584e-15
1.0888447331e-21
-3.3820320803e-21
6.5234056171e-21
-1.1238652023e-21
2.2951008440e-17
4.4369741832e-17
6.1326283137e-17
3.1139439365e-17
-2.5256481438e-21
2.0732336160e-20
1.7138065662e-06
-1.2933997441e-20
1.7074888427e-19
1.0528589056e-05
-2.8629051330e-20
6.2570026496e-20
2.2495435755e-05
-3.4649683014e-21
4.2257912489e-21
1.1097568706e-20
5.9992436676e-21
-2.2528633603e-21
-9.0330921969e-21
1.3824250372e-22
2.7302559216e-20
2.0663149771e-20
-9.4534183692e-21
-2.4301481053e-21
-6.9656630318e-22
-3.2702380037e-21
6.3761415577e-17
1.1792451800e-21
9.1453637938e-18
-9.3824106180e-22
4.5461447977e-19
-7.0325447221e-21
-1.9745058681e-20
4.4799121278e-06
5.2532196762e-21
-4.7131729018e-21
1.0529216865e-20
5.0845967347e-21
5.3277847431e-21
1.7647561344e-21
7.1497421740e-21
2.9480331556e-21
-6.3162490696e-15
-1.1434009875e-20
-9.0602291169e-16
-2.2055952560e-21
1.8603537206e-17
3.5970158771e-17
4.9183602693e-17
2.4654570692e-17
-3.2022510725e-22
-1.7951735266e-21
8.2931096988e-21
-9.8364854509e-23
1.7163145689e-20
6.1743069187e-20
-4.0027811433e-22
3.9395259595e-20
6.2497232178e-20
6.0444358296e-08
8.5117726140e-21
-6.7170192562e-21
6.8881818119e-21
5.9435628702e-21
5.0976514991e-06
2.6391175129e-20
-2.1897127263e-20
3.9115177634e-20
-4.2038166379e-22
1.0987561903e-21
1.8900065602e-21
-4.8525786535e-21
-1.1464910072e-21
-5.5255084883e-22
-5.4440873599e-22
2.6022806013e-23
3.7314573518e-19
2.6750928238e-22
5.8300926159e-21
5.2532196762e-21
4.6388875692e-06
1.2185592199e-20
-7.6993641359e-21
1.2880923883e-20
-2.2957456205e-21
2.3992289896e-21
8.1493957545e-21
-3.9613922231e-21
-3.1301691447e-21
6.2920032556e-23
9.5612940438e-22
-1.5894039994e-22
3.1096482849e-18
5.9255821880e-18
8.8029870544e-18
4.6572362033e-18
4.4387703644e-21
2.7221842866e-20
-9.0769780281e-21
3.4062430676e-20
1.1526230405e-19
-3.7194283576e-20
5.4899039388e-20
7.6111726194e-20
-2.7832175506e-20
8.4175663271e-21
6.0444358060e-08
8.4863495405e-22
2.3276846648e-21
2.7010084375e-21
2.5017715087e-20
5.0976514929e-06
-1.9165906873e-20
2.5554220879e-20
-3.7035207674e-21
-5.3301844627e-22
-4.8180804357e-22
6.7489803349e-22
3.1192869427e-21
7.1975253329e-22
-3.7207493108e-22
-7.5336174582e-23
7.4689757325e-20
5.7715071357e-21
4.9191762500e-21
-4.7131729018e-21
1.2185592199e-20
4.6388875601e-06
3.7847212076e-21
-2.4853153768e-22
-5.4373070698e-21
1.6050835914e-21
6.7480707307e-22
2.0580715356e-22
-2.0373399445e-21
-2.0659681282e-21
-1.1678579318e-21
-1.7419862095e-21
-2.5075969694e-11
-4.7931356067e-11
-7.1759380933e-11
-3.7885716662e-11
-1.1789283543e-20
-8.9489552946e-21
1.7518231592e-20
-6.7999323242e-20
-2.9416247971e-21
8.1656116968e-20
-5.5196559939e-20
4.7752895233e-20
4.7075985920e-20
1.0562162510e-21
2.9536883787e-21
6.0444357942e-08
-3.0357759491e-21
3.4099870167e-17
-4.1245928202e-21
2.3474999221e-20
5.0976514898e-06
-9.5285171118e-21
8.9999045870e-16
-2.8383202336e-21
-4.0979207944e-23
-3.5646564836e-22
-4.4132527412e-22
7.1912680959e-22
-6.5193788064e-22
-2.4599560456e-23
-5.9465389435e-13
-1.5003548429e-21
3.1896968558e-21
1.0529216865e-20
-7.6993641359e-21
3.7847212076e-21
4.6388875555e-06
-7.2806812825e-21
1.3193046290e-15
1.6070130028e-21
-1.0813937423e-21
1.4378488279e-21
-5.6893199588e-21
1.4227349605e-21
-1.0649817134e-22
-1.1340796080e-21
-1.9171300584e-17
-3.6745780367e-17
-5.5907151803e-17
-2.9593405960e-17
-1.1828202787e-20
5.4074489347e-22
1.3085619819e-20
-6.5297493532e-20
6.5740066200e-20
5.1680286903e-20
-4.5790709896e-20
1.2896979565e-19
5.8506541579e-20
2.4874594642e-21
-4.9849570812e-21
-1.8600171780e-21
6.0444358001e-08
-3.7660983316e-21
1.2069368590e-20
-5.6969005932e-21
-1.6028864562e-20
5.0976514913e-06
-1.7149964599e-21
-1.6386767699e-21
-2.5130221064e-21
-2.3438193747e-21
2.7250881288e-21
-3.9113864464e-22
2.9991454657e-21
-9.6010333277e-23
-4.7852963063e-19
-3.3618722094e-22
1.7498152737e-20
5.0845967347e-21
1.2880923883e-20
-2.4853153768e-22
-7.2806812825e-21
4.6388875578e-06
-1.0742225026e-21
-2.2664024610e-21
4.0968940816e-21
1.5937386322e-21
2.1202272273e-21
1.4635244761e-21
3.3699358394e-21
-4.6143084859e-22
-4.8258779772e-12
-9.2244039396e-12
-1.3810115183e-11
-7.2911180146e-12
1.1058743537e-20
4.4451081194e-21
-5.6948604680e-21
7.7902933269e-20
1.9648140714e-20
-2.1506528858e-20
7.8620928931e-20
2.4307095760e-20
1.0383894478e-20
3.2881476465e-22
-1.8337308305e-21
3.4106500874e-17
-2.3099306380e-21
6.0444358296e-08
-1.9030614401e-21
5.6443733053e-21
8.9999591312e-16
-1.5372419611e-21
5.0976514991e-06
-1.3525681920e-21
-1.0105618067e-21
1.2479349189e-21
-9.4589910922e-22
-7.2871919106e-22
-7.4790811940e-23
7.3026333125e-22
-1.1444134468e-13
1.6053721937e-21
7.3962307502e-21
5.3277847431e-21
-2.2957456205e-21
-5.4373070698e-21
1.3193046290e-15
-1.0742225026e-21
4.6388875692e-06
-2.9543182725e-21
-8.7092896503e-22
-2.7768842614e-22
1.9706387737e-21
-3.5727923125e-21
1.8693697767e-21
1.6852982241e-21
-3.3490385674e-18
-6.3979012792e-18
-9.2171978756e-18
-4.7820502462e-18
1.0421747880e-21
-8.4622515652e-16
1.7840562707e-20
2.1339904669e-20
-6.5989424436e-15
7.3059660239e-20
3.4917775567e-20
-1.1086765177e-14
5.4710628981e-20
-8.2702100480e-23
-5.8050728914e-21
-5.6108663770e-21
-4.4181188218e-21
2.9316380513e-22
6.6977708982e-21
-1.8340507213e-21
-2.1344952135e-21
-1.1170571979e-20
-2.7412858240e-21
8.5413643814e-07
2.0667102103e-21
2.8535646640e-17
1.2408037058e-21
1.0402414841e-21
3.7635981270e-22
1.0426260358e-22
-7.3315900913e-20
-6.8215998713e-22
-1.1096652744e-15
1.7647561344e-21
2.3992289896e-21
1.6050835914e-21
1.6070130028e-21
-2.2664024610e-21
-2.9543182725e-21
2.3959612984e-06
2.3956337295e-21
1.7538158467e-16
6.0009953978e-21
-7.4490162894e-22
1.5677058693e-22
1.3683903127e-22
2.1811709434e-17
4.1954213551e-17
6.0565768219e-17
3.1233282575e-17
-5.5522717790e-21
-8.8568449289e-21
9.1742822632e-21
-3.7046631254e-21
-4.3019014163e-20
8.8717877960e-20
3.6449597791e-21
-4.7426611553e-20
1.2198953162e-19
5.8371650706e-21
-2.5029159754e-21
-2.7506104924e-21
-2.8165075591e-21
-1.1074766906e-22
1.6134965858e-20
-1.1416930761e-21
-7.2218278861e-21
-7.0871502151e-21
-8.2413766591e-22
1.9438441497e-21
8.5413643781e-07
-1.8460477345e-21
-9.1614571189e-21
-1.4572110187e-22
4.0455436961e-21
-4.5840659156e-23
4.9134982856e-19
1.5278574578e-22
-3.4004101728e-21
7.1497421740e-21
8.1493957545e-21
6.7480707307e-22
-1.0813937423e-21
4.0968940816e-21
-8.7092896503e-22
2.3956337295e-21
2.3959612964e-06
-2.1021003843e-21
-1.1671370369e-20
-5.8721911102e-22
8.6707756462e-21
3.2223915643e-22
8.7150585327e-18
1.6671062006e-17
2.3953927589e-17
1.2402103847e-17
1.5985640745e-20
-4.1512751245e-15
6.5199945435e-21
8.6426730503e-20
-3.2372125281e-14
4.2640915976e-20
8.3032773638e-20
-5.4388203830e-14
3.5643441446e-20
1.7791406743e-22
2.7388963524e-22
1.3599712287e-21
9.9124107727e-22
4.8629734136e-22
-3.9827806125e-21
-6.9764594666e-22
6.3008210485e-21
3.2035030214e-21
8.4885412869e-22
2.8533406635e-17
6.2643735528e-22
8.5413643765e-07
2.0636169624e-21
-2.1324846343e-22
1.3806952432e-21
3.4186040298e-22
1.9064490131e-19
5.7957285194e-21
-5.4437074584e-15
2.9480331556e-21
-3.9613922231e-21
2.0580715356e-22
1.4378488279e-21
1.5937386322e-21
-2.7768842614e-22
1.7538158467e-16
-2.1021003843e-21
2.3959612954e-06
2.7615112671e-21
1.6649938251e-21
2.3739021446e-21
1.1646180172e-21
-5.4643500175e-18
-1.0465847634e-17
-1.5282323714e-17
-7.8873147976e-18
6.6243679592e-21
8.5288391411e-21
-4.8166674189e-15
2.8420092072e-20
3.4387027078e-20
-3.7560937092e-14
3.0519077611e-20
9.6477499524e-21
-6.3105839834e-14
-9.0409453856e-22
9.4041481555e-22
-2.4415189942e-21
2.4680786106e-21
1.1710340246e-21
-1.0203862275e-20
-2.6391451215e-22
-6.9213860828e-21
1.0115123919e-20
4.2958393059e-21
-2.8730590533e-22
-4.4280787672e-21
-1.0711145086e-21
8.5413643754e-07
-6.9702346692e-22
5.7069347749e-17
1.0290089037e-22
-1.2570346172e-19
2.5222129473e-21
1.0888447331e-21
-6.3162490696e-15
-3.1301691447e-21
-2.0373399445e-21
-5.6893199588e-21
2.1202272273e-21
1.9706387737e-21
6.0009953978e-21
-1.1671370369e-20
2.7615112671e-21
2.3959612947e-06
1.0965662829e-21
3.5077951775e-16
2.3128521516e-23
-2.8304799070e-19
-5.8135290934e-19
6.1542711502e-20
2.6674913154e-19
-3.7142887344e-15
-6.6454479338e-21
-2.0625387983e-20
-2.8964518599e-14
-3.6889952880e-20
-1.1158081458e-19
-4.8663145686e-14
-3.7977539027e-20
-1.4358555184e-19
-1.6122120528e-22
-2.6434924449e-21
2.6062328424e-21
2.2271629096e-21
6.0895967862e-22
2.9846764243e-23
-1.7572282287e-20
1.4452700701e-20
1.0860017343e-20
-2.7382123746e-21
-7.0091401318e-22
2.7616709847e-22
-1.8338230333e-22
1.8101561223e-21
8.5413643757e-07
2.1609496601e-21
2.8537466437e-17
8.8795040967e-21
-4.8706873483e-15
-3.3820320803e-21
-1.1434009875e-20
6.2920032556e-23
-2.0659681282e-21
1.4227349605e-21
1.4635244761e-21
-3.5727923125e-21
-7.4490162894e-22
-5.8721911102e-22
1.6649938251e-21
1.0965662829e-21
2.3959612949e-06
2.4591179479e-21
1.7538983663e-16
-1.4427936378e-18
-2.7751212119e-18
-3.7830114737e-18
-1.8818530347e-18
-1.4225761924e-21
2.3354066947e-20
-6.9090059608e-16
1.0458796580e-21
1.2588664601e-19
-5.3877554022e-15
-5.0518636961e-22
8.3707014003e-20
-9.0520285065e-15
4.6522674243e-23
-3.9706287504e-21
-1.0771135890e-21
2.7909216917e-21
5.2725371572e-22
-1.4371297074e-21
-1.3986969853e-20
-2.1976669217e-21
1.9702762994e-20
3.2444897400e-21
6.3545586682e-22
5.5846222186e-21
1.7946922944e-21
5.7068288958e-17
1.4452432270e-21
8.5413643781e-07
-1.1393983245e-21
-3.0275308541e-20
-9.7056388482e-22
6.5234056171e-21
-9.0602291169e-16
9.5612940438e-22
-1.1678579318e-21
-1.0649817134e-22
3.3699358394e-21
1.8693697767e-21
1.5677058693e-22
8.6707756462e-21
2.3739021446e-21
3.5077951775e-16
2.4591179479e-21
2.3959612964e-06
-2.7055494579e-22
7.0552759072e-18
1.3570832844e-17
1.8923016396e-17
9.6207686135e-18
-8.4619948988e-16
3.5658411690e-21
-2.9132927958e-21
-6.5987566379e-15
8.4959710928e-21
-3.1088512702e-20
-1.1086536551e-14
-7.6614281188e-21
-3.3206320392e-20
-8.7907276594e-23
-3.4089696447e-22
-3.0981498227e-22
-1.9003198017e-22
1.1500076301e-21
-2.7089539994e-22
-3.0541056786e-21
-2.3161413420e-21
-1.0697826517e-21
6.1877390754e-21
-6.2581007584e-23
1.0621846119e-22
5.7213907712e-22
2.3441160893e-22
2.8536930424e-17
1.1983343476e-22
8.5413643814e-07
1.4755071989e-19
-1.1096497239e-15
-1.1238652023e-21
-2.2055952560e-21
-1.5894039994e-22
-1.7419862095e-21
-1.1340796080e-21
-4.6143084859e-22
1.6852982241e-21
1.3683903127e-22
3.2223915643e-22
1.1646180172e-21
2.3128521516e-23
1.7538983663e-16
-2.7055494579e-22
2.3959612984e-06