9.5072044366e-01
-1.8914588945e-03
4.2075515465e-02
2.7445147951e-03
-8.0934990243e-18
-2.7271921459e-16
3.0346049971e-12
-4.0409042816e-17
3.0248198433e-17
4.9087523758e-12
-1.7506017215e-16
2.3095392349e-16
3.2774255528e-12
5.1071975847e-17
-4.6372582543e-17
-1.2765736468e-14
-1.3784454762e-17
-5.6139686493e-15
2.6885998410e-16
3.1443420582e-16
4.6351941269e-14
5.9785274541e-17
2.2158960878e-14
1.7412450412e-17
1.9014098643e-17
4.0127373766e-17
-1.4552896870e-17
4.1751666858e-17
-9.2513884454e-17
2.7199240769e-16
-8.2537927331e-04
1.4950494153e-16
-1.5942716056e-16
3.6301497474e-13
1.0838049866e-16
7.7292355079e-17
4.3077698949e-14
-1.5535227030e-16
2.0499630203e-14
-1.5915097255e-16
-5.1761589878e-17
-8.5308957290e-17
2.5460302555e-17
-3.0633268013e-16
6.8826461002e-17
-1.1908147196e-16
-1.8914588945e-03
3.4147509389e-01
1.0494668290e-01
2.0740157521e-01
-4.8316718546e-17
5.0286532533e-17
3.0189167676e-11
1.3186465472e-16
4.4793348290e-17
3.2124376456e-11
-1.8162893960e-16
-3.8672284298e-17
2.7560627504e-12
-7.2346680384e-19
4.1554491481e-18
-5.3737896600e-13
-1.8877241699e-17
-2.5856359219e-13
-6.8008328704e-17
3.4682085860e-17
-1.8658479088e-12
-1.6562470236e-17
-8.9721001884e-13
-6.3838509195e-17
4.8899001205e-17
-6.7737405980e-17
-7.4554261765e-18
-6.2777651426e-17
1.0847185954e-17
-4.9840249172e-18
5.4554886112e-03
4.5282059856e-18
4.0610587169e-18
1.0521429148e-12
-1.5837735962e-16
-5.4860205935e-17
-1.4557146411e-11
-5.0896250136e-17
-7.0061262766e-12
6.1114076304e-17
-3.3864452079e-18
-2.6590184405e-18
3.7164895536e-17
4.9381531608e-17
-1.4498663132e-17
2.5384417727e-17
4.2075515465e-02
1.0494668290e-01
3.7831955233e-02
6.1103697081e-02
-7.9874551043e-18
1.7456980048e-17
1.0229885191e-11
4.8897111088e-17
2.7678859455e-17
1.0644515581e-11
-5.5396915011e-17
1.0924684642e-17
1.3954223534e-12
-9.9150940533e-20
1.3075547071e-19
-1.4563831832e-13
-7.0356489736e-18
-7.0096377456e-14
-1.2834431080e-17
2.5242789645e-17
-5.7915957779e-13
-1.7680372657e-18
-2.7872802094e-13
-1.9489345857e-17
1.7235098669e-17
-2.0450163007e-17
-3.4034534629e-18
-1.7489167838e-17
-1.4693424154e-18
1.1450564592e-17
1.6735569821e-03
7.7870900190e-18
-8.4432895701e-18
3.4707064894e-13
-4.4468095001e-17
-1.2229009377e-17
-4.2850479127e-12
-2.4495538531e-17
-2.0624861186e-12
1.1022003036e-17
-4.2788384857e-18
-5.6648466668e-18
1.2941135639e-17
9.3984170338e-19
-2.8090274172e-18
2.5967119252e-18
2.7445147951e-03
2.0740157521e-01
6.1103697081e-02
1.3619603812e-01
-1.6431090245e-17
-3.7237181515e-17
2.2799413860e-11
9.3949222975e-17
-4.8889870708e-17
2.5720430574e-11
-1.1440008448e-16
-8.3743480941e-17
5.3163073603e-12
-1.7743470584e-18
1.5799923024e-18
-3.8648741946e-13
-9.0929761558e-18
-1.8597638999e-13
-4.0942333089e-17
2.4861289808e-17
-1.1946193548e-12
-6.0511100838e-18
-5.7410726557e-13
-3.6225427397e-17
2.8476318314e-17
-3.9434486372e-17
-3.2123205602e-18
-3.8553587473e-17
7.6473786399e-18
-1.7995932640e-18
3.3333544878e-03
6.5373285752e-18
2.9052899144e-18
9.0945012846e-13
-9.7440954847e-17
-3.5125351974e-17
-9.6063759586e-12
-2.7755879731e-17
-4.6224915762e-12
3.8557871734e-17
-3.1058702974e-19
-2.0784660698e-18
2.2884107094e-17
2.9304001632e-17
-6.6237102645e-18
1.4711618107e-17
-8.0934990243e-18
-4.8316718546e-17
-7.9874551043e-18
-1.6431090245e-17
1.6705648474e-01
-1.5732514987e-17
-7.1122050248e-17
1.9237824909e-01
-6.3410143154e-17
-1.8450746794e-16
1.2789082287e-01
1.4503913035e-16
4.5805432894e-16
4.1824130594e-17
-2.3079061770e-17
1.0385150984e-17
-2.0347647196e-12
1.8604997748e-17
3.3684415380e-17
3.2051138020e-17
2.7358252431e-20
-2.0875596343e-12
-3.9236715776e-17
-4.5869426636e-17
4.9517485869e-17
-3.2507273467e-17
-5.3049878320e-17
8.5654954978e-13
-4.9277536372e-17
5.3510664503e-13
-6.2441661516e-18
1.0865075552e-02
-3.9622678046e-17
-2.8940615005e-16
-3.1019171774e-17
-2.5645215386e-17
-1.9808522789e-18
-3.2408423856e-11
3.7865788898e-17
2.4435340041e-17
-8.4861270908e-17
6.4307704319e-17
3.4588682070e-17
-4.5942191351e-12
2.7094889077e-17
-2.8652035926e-12
-2.7271921459e-16
5.0286532533e-17
1.7456980048e-17
-3.7237181515e-17
-1.5732514987e-17
1.6705648473e-01
2.7537800780e-16
-4.6660261235e-17
1.9237824907e-01
2.7703522478e-16
2.1562169810e-17
1.2789082287e-01
5.9426582336e-17
-1.0207962771e-16
-2.0347667152e-12
-9.8936409141e-18
-3.4060282388e-18
-4.8790373239e-17
4.9910902546e-17
-2.0874958171e-12
2.3898211708e-17
7.8720357619e-18
4.7401127213e-17
5.3528540636e-13
3.4305436961e-17
1.1329577996e-12
-5.8015798665e-17
1.4733960390e-18
2.7834314829e-17
5.3903808982e-18
3.1231233885e-17
-1.7004831763e-16
1.0865075576e-02
1.1038227358e-16
-5.1188660855e-18
-3.2408474861e-11
8.9538346564e-18
-3.1857465646e-17
-4.1779912202e-17
-2.8660841252e-12
-3.3436448712e-17
-6.0706908210e-12
1.0744024709e-16
-7.6103068873e-18
-8.0567870216e-17
-3.4113238982e-17
3.0346049971e-12
3.0189167676e-11
1.0229885191e-11
2.2799413860e-11
-7.1122050248e-17
2.7537800780e-16
1.6705648476e-01
-8.7906760990e-17
2.9109809070e-16
1.9237824911e-01
-1.9832976096e-17
2.5687471708e-16
1.2789082287e-01
-2.8941383937e-17
1.3014466690e-17
-2.3495840782e-12
-6.7095908957e-18
-2.4863112981e-17
4.9368727673e-17
-1.1114209388e-16
-2.4103314168e-12
7.4794407394e-18
-8.6085949995e-17
-1.7127461827e-17
-6.4238923363e-17
5.9033061308e-17
1.2183979149e-12
-1.2912246881e-20
4.3700926179e-13
2.9253454327e-18
-7.1433138536e-11
-7.5128586977e-17
-1.9660138825e-15
1.0865075522e-02
-1.8055168027e-16
5.7363682006e-17
-3.7422285357e-11
-1.9375291162e-17
7.6185175386e-17
-6.5428768566e-17
7.6118715327e-17
-3.9897696210e-17
-6.5319617304e-12
-1.9821178221e-19
-2.3424124523e-12
-1.0959675666e-17
-4.0409042816e-17
1.3186465472e-16
4.8897111088e-17
9.3949222975e-17
1.9237824909e-01
-4.6660261235e-17
-8.7906760990e-17
2.2753935080e-01
-1.0714970502e-16
-2.2717683874e-16
1.5404439794e-01
1.4649525242e-16
5.2868507857e-16
4.8674153697e-17
-2.6993100339e-17
1.1763271403e-17
-2.4100504932e-12
2.1987614377e-17
3.8329136333e-17
3.7501058011e-17
-1.2378563488e-19
-2.4293651786e-12
-4.5828664220e-17
-5.3247316681e-17
5.7825442267e-17
-3.8116730410e-17
-6.0166071004e-17
1.0406661937e-12
-5.8356840212e-17
6.5021669518e-13
-2.5069862406e-18
1.3156447133e-02
-4.7155620293e-17
-3.4257780496e-16
-3.5263294612e-17
-3.0213879499e-17
-2.6465855675e-18
-3.9160554089e-11
4.2978036139e-17
2.8597243464e-17
-9.7063880058e-17
7.2343652702e-17
3.6153140644e-17
-5.5164259954e-12
3.2455771826e-17
-3.4401238703e-12
3.0248198433e-17
4.4793348290e-17
2.7678859455e-17
-4.8889870708e-17
-6.3410143154e-17
1.9237824907e-01
2.9109809070e-16
-1.0714970502e-16
2.2753935078e-01
3.1446386202e-16
-8.6213805513e-18
1.5404439794e-01
7.4058271536e-17
-1.1970765944e-16
-2.4100523551e-12
-1.1149485001e-17
-4.1366498281e-18
-5.8154986495e-17
5.9962167606e-17
-2.4292932421e-12
2.4457891440e-17
9.2214143180e-18
5.6077582426e-17
6.5040208161e-13
4.0035267402e-17
1.3766246690e-12
-6.8583935812e-17
1.7171404686e-18
3.2317528276e-17
7.2891662893e-18
3.7065233842e-17
-2.1474672132e-16
1.3156447162e-02
1.3265310473e-16
-5.8583253808e-18
-3.9160611157e-11
8.7249469096e-18
-3.6327398611e-17
-4.9064433635e-17
-3.4412296221e-12
-3.9164040626e-17
-7.2889233458e-12
1.2779068380e-16
-9.3493852236e-18
-9.7814600664e-17
-4.4830916075e-17
4.9087523758e-12
3.2124376456e-11
1.0644515581e-11
2.5720430574e-11
-1.8450746794e-16
2.7703522478e-16
1.9237824911e-01
-2.2717683874e-16
3.1446386202e-16
2.2753935083e-01
-1.0476085528e-16
2.9427206447e-16
1.5404439794e-01
-3.2629056261e-17
1.4447978047e-17
-2.7829322892e-12
-7.3877174615e-18
-2.9484454571e-17
5.6809018942e-17
-1.2855252168e-16
-2.8049847243e-12
9.1522296455e-18
-9.8159547444e-17
-1.9790104604e-17
-7.4300518709e-17
6.9273561946e-17
1.4803573294e-12
1.9298466464e-19
5.3092289707e-13
5.1759448895e-18
-8.6455722765e-11
-1.1575379826e-16
-2.3516562185e-15
1.3156447097e-02
-2.1252046570e-16
6.5803887689e-17
-4.5219021903e-11
-2.0518837430e-17
8.9641603956e-17
-7.6780045973e-17
8.8421669977e-17
-4.8299966555e-17
-7.8429813694e-12
-1.1961852905e-18
-2.8126460258e-12
-2.1828812402e-17
-1.7506017215e-16
-1.8162893960e-16
-5.5396915011e-17
-1.1440008448e-16
1.2789082287e-01
2.1562169810e-17
-1.9832976096e-17
1.5404439794e-01
-8.6213805513e-18
-1.0476085528e-16
1.1000700372e-01
1.4295480212e-16
4.0021685816e-16
3.2700896650e-17
-1.8371878244e-17
7.6090089095e-18
-1.7055613829e-12
1.5236039585e-17
2.4081484519e-17
2.4974704742e-17
5.9100580275e-21
-1.7190863772e-12
-3.1100015812e-17
-3.5544601699e-17
3.8291164573e-17
-2.5570327042e-17
-3.9435564176e-17
7.6248518422e-13
-3.9748524246e-17
4.7628031963e-13
-3.4896101481e-18
9.2905078461e-03
-2.7038896786e-17
-2.3330619761e-16
-2.2473756035e-17
-2.0911428516e-17
-2.4196487313e-18
-2.8181108464e-11
2.7753234475e-17
1.9912852434e-17
-6.2927106573e-17
4.5543334425e-17
1.9899406188e-17
-3.8924917884e-12
2.2714229775e-17
-2.4278101659e-12
2.3095392349e-16
-3.8672284298e-17
1.0924684642e-17
-8.3743480941e-17
1.4503913035e-16
1.2789082287e-01
2.5687471708e-16
1.4649525242e-16
1.5404439794e-01
2.9427206447e-16
1.4295480212e-16
1.1000700372e-01
1.2055438868e-16
-8.1882647170e-17
-1.7055628674e-12
-7.3171315927e-18
-2.9733828172e-18
-4.0847570586e-17
4.0459159535e-17
-1.7190403254e-12
1.2171916151e-17
6.3879823674e-18
3.7128161901e-17
4.7643546768e-13
2.6891443961e-17
1.0084221428e-12
-4.7187495251e-17
1.1554505872e-18
2.1867563658e-17
5.7659474803e-18
2.4562427664e-17
-1.4664602628e-16
9.2905078670e-03
9.8332480450e-17
-2.7697536782e-18
-2.8181145682e-11
4.4637996257e-18
-2.3421753423e-17
-3.3309994906e-17
-2.4285088223e-12
-2.6789149539e-17
-5.1437191568e-12
8.8440550334e-17
-6.9404353902e-18
-7.0065662549e-17
-3.7048523729e-17
3.2774255528e-12
2.7560627504e-12
1.3954223534e-12
5.3163073603e-12
4.5805432894e-16
5.9426582336e-17
1.2789082287e-01
5.2868507857e-16
7.4058271536e-17
1.5404439794e-01
4.0021685816e-16
1.2055438868e-16
1.1000700371e-01
-2.2386027906e-17
1.0358228038e-17
-1.9694422157e-12
-4.5179239133e-18
-1.9837339229e-17
3.9888753505e-17
-8.3356206862e-17
-1.9848981477e-12
6.7038626571e-18
-6.1092258110e-17
-1.3965647652e-17
-4.9034813448e-17
4.7080012555e-17
1.0845444101e-12
7.1451883436e-19
3.8902543702e-13
5.2889947500e-18
-6.2215934694e-11
-5.9271689645e-17
-1.6636519156e-15
9.2905078190e-03
-1.4730346205e-16
4.3097065202e-17
-3.2540953812e-11
-1.1306177370e-17
6.1134192131e-17
-5.1601010894e-17
5.8678606981e-17
-3.5258836707e-17
-5.5343997418e-12
-2.1223457178e-18
-1.9846762343e-12
-2.6528288477e-17
5.1071975847e-17
-7.2346680384e-19
-9.9150940533e-20
-1.7743470584e-18
4.1824130594e-17
-1.0207962771e-16
-2.8941383937e-17
4.8674153697e-17
-1.1970765944e-16
-3.2629056261e-17
3.2700896650e-17
-8.1882647170e-17
-2.2386027906e-17
4.6220969416e-04
5.7911871184e-19
1.2345118094e-19
3.5543611711e-19
5.3886158660e-19
4.3366854444e-04
7.6196812248e-19
-6.7872515509e-19
1.1272787895e-19
-2.7742066587e-20
1.0606760411e-19
-4.1648694227e-16
-1.6659215359e-19
3.7994660327e-20
-6.5329601812e-20
-5.7671574463e-20
-2.9288862761e-21
1.1051915743e-18
2.2319982064e-18
-6.9245383580e-18
-1.8245417867e-18
1.8042488810e-05
-4.7915576598e-19
-1.4574910482e-19
-1.3951533089e-19
4.2662824151e-19
-3.3792684441e-19
-2.4970362081e-14
-5.1585475455e-19
1.1521219551e-19
4.7782575582e-20
-4.2773316208e-19
-4.2833380945e-19
-4.6372582543e-17
4.1554491481e-18
1.3075547071e-19
1.5799923024e-18
-2.3079061770e-17
-2.0347667152e-12
1.3014466690e-17
-2.6993100339e-17
-2.4100523551e-12
1.4447978047e-17
-1.8371878244e-17
-1.7055628674e-12
1.0358228038e-17
5.7911871184e-19
4.6220969417e-04
-4.0425384854e-19
3.1475460074e-19
-2.1258240990e-19
8.4088141054e-19
4.3366854444e-04
-7.2177943348e-19
-5.7318268399e-19
1.0984509045e-19
-1.2776121767e-19
-5.0859427153e-20
-5.2666683650e-16
-1.5716917371e-20
4.7662666869e-20
-9.4244607938e-21
1.1741658681e-20
-8.4848456059e-19
-1.7600978360e-18
-1.4001671795e-13
6.6266906862e-19
-1.8476656128e-19
1.8042488800e-05
3.1423212272e-19
1.6451290152e-19
1.5409231249e-20
7.6084785804e-20
1.1594019879e-19
-3.1585436895e-14
1.0238430535e-20
-6.2311844673e-20
2.1913913850e-19
-5.0664950812e-20
-1.2765736468e-14
-5.3737896600e-13
-1.4563831832e-13
-3.8648741946e-13
1.0385150984e-17
-9.8936409141e-18
-2.3495840782e-12
1.1763271403e-17
-1.1149485001e-17
-2.7829322892e-12
7.6090089095e-18
-7.3171315927e-18
-1.9694422157e-12
1.2345118094e-19
-4.0425384854e-19
4.6220969418e-04
-5.2402621098e-19
-7.1172756540e-15
-4.8877817157e-19
-3.1967608275e-19
4.3366854445e-04
-2.3747596566e-19
-3.7164163468e-15
-1.6956703161e-19
-3.4108950256e-19
-1.8653769829e-19
-5.5889988006e-16
-1.9678085824e-20
1.4430215816e-20
-5.4023909582e-20
-2.0923139473e-14
5.6597352454e-19
-5.1833338188e-19
-1.6167915513e-13
-3.4783173993e-20
-2.0573801841e-19
1.8042488792e-05
9.4501988282e-21
2.1893839865e-15
4.2882976889e-19
4.5380759626e-19
1.1784125783e-19
-3.3501212492e-14
-1.1891377606e-20
3.3853626268e-19
7.8889487184e-20
-1.3784454762e-17
-1.8877241699e-17
-7.0356489736e-18
-9.0929761558e-18
-2.0347647196e-12
-3.4060282388e-18
-6.7095908957e-18
-2.4100504932e-12
-4.1366498281e-18
-7.3877174615e-18
-1.7055613829e-12
-2.9733828172e-18
-4.5179239133e-18
3.5543611711e-19
3.1475460074e-19
-5.2402621098e-19
4.6220969418e-04
-5.4303996857e-19
-5.5061806821e-21
5.8715330784e-20
-2.8135029352e-19
4.3366854445e-04
-2.1388919406e-19
-5.0244040141e-20
-3.2924451798e-20
4.3321882797e-20
-2.3683037267e-19
-5.2679409361e-16
-8.2249303828e-20
-9.9662657026e-20
-4.2183262423e-19
-1.4001695795e-13
-3.9392750225e-19
-4.6356236674e-19
-4.6859198568e-19
-1.6120975440e-19
4.1488573430e-19
1.8042488793e-05
2.9581020005e-20
2.2808277545e-20
-1.1170353405e-19
-2.4296801429e-20
-9.4481539693e-20
-3.1585254672e-14
5.5009348776e-20
5.7072093483e-20
-5.6139686493e-15
-2.5856359219e-13
-7.0096377456e-14
-1.8597638999e-13
1.8604997748e-17
-4.8790373239e-17
-2.4863112981e-17
2.1987614377e-17
-5.8154986495e-17
-2.9484454571e-17
1.5236039585e-17
-4.0847570586e-17
-1.9837339229e-17
5.3886158660e-19
-2.1258240990e-19
-7.1172756540e-15
-5.4303996857e-19
4.6220969416e-04
4.4868207636e-19
-3.9296724016e-19
-3.7155015512e-15
1.7835890203e-20
4.3366854444e-04
3.8557883586e-20
-1.1016893191e-19
-3.0271014815e-19
1.1912435149e-19
-4.5477684624e-20
-4.1675365837e-16
-7.9023951657e-20
-1.0085040262e-14
1.6547834202e-18
-3.2955558578e-18
-2.0014982806e-18
-3.6909440748e-20
4.5567937383e-19
2.1890446440e-15
1.7731131293e-19
1.8042488810e-05
2.1444580710e-19
-5.9806290638e-20
-5.5549615282e-20
-1.5994082885e-19
2.6055837074e-20
-2.4970150869e-14
6.8658029499e-20
2.6885998410e-16
-6.8008328704e-17
-1.2834431080e-17
-4.0942333089e-17
3.3684415380e-17
4.9910902546e-17
4.9368727673e-17
3.8329136333e-17
5.9962167606e-17
5.6809018942e-17
2.4081484519e-17
4.0459159535e-17
3.9888753505e-17
4.3366854444e-04
8.4088141054e-19
-4.8877817157e-19
-5.5061806821e-21
4.4868207636e-19
9.3444885878e-04
2.3574970521e-18
-2.2529126776e-18
-1.9143611223e-19
3.3746201673e-19
1.6744305412e-19
3.8148443660e-15
-2.6525987583e-19
2.3796537940e-20
-5.6223770313e-20
-2.4934468443e-20
-7.0498835294e-21
8.7633033854e-19
1.0779605354e-18
3.7004323292e-18
3.1711055580e-18
1.4654163840e-04
-4.4982418932e-19
-6.1266947397e-20
-2.4739966368e-19
7.2777830540e-19
-4.7748615109e-19
-8.3138787875e-14
-1.0413611237e-18
8.6584205928e-20
-2.9484630236e-20
-5.9780815508e-19
-8.3482906776e-19
3.1443420582e-16
3.4682085860e-17
2.5242789645e-17
2.4861289808e-17
3.2051138020e-17
-2.0874958171e-12
-1.1114209388e-16
3.7501058011e-17
-2.4292932421e-12
-1.2855252168e-16
2.4974704742e-17
-1.7190403254e-12
-8.3356206862e-17
7.6196812248e-19
4.3366854444e-04
-3.1967608275e-19
5.8715330784e-20
-3.9296724016e-19
2.3574970521e-18
9.3444885877e-04
-1.3979564521e-18
-9.5500275890e-19
2.2805236614e-19
-2.3205766585e-19
-6.2884023097e-20
4.8259837886e-15
-1.6672324433e-19
4.5839394029e-20
1.2095115454e-19
-2.8766059689e-20
-1.8787109732e-18
1.8481974719e-18
-1.5601663392e-13
-7.2747101896e-18
-2.2748456884e-21
1.4654163836e-04
1.2973354251e-18
1.3790625548e-19
7.4176339740e-19
1.6327997361e-19
1.3208527486e-19
-1.0516355962e-13
-4.9613734061e-20
-6.6805807330e-20
4.8978257238e-19
-8.4924502950e-20
4.6351941269e-14
-1.8658479088e-12
-5.7915957779e-13
-1.1946193548e-12
2.7358252431e-20
2.3898211708e-17
-2.4103314168e-12
-1.2378563488e-19
2.4457891440e-17
-2.8049847243e-12
5.9100580275e-21
1.2171916151e-17
-1.9848981477e-12
-6.7872515509e-19
-7.2177943348e-19
4.3366854445e-04
-2.8135029352e-19
-3.7155015512e-15
-2.2529126776e-18
-1.3979564521e-18
9.3444885877e-04
-1.6813252225e-19
-2.8525257462e-15
-2.1902917355e-19
-3.1033105733e-19
-3.9485650926e-19
5.1183210032e-15
1.7667667616e-22
2.0973970592e-19
-4.9826655457e-20
-8.9712485840e-14
-6.7608787359e-20
8.9129501021e-19
-1.8014402190e-13
-1.6576844491e-19
-1.2835699568e-18
1.4654163832e-04
-7.8827208570e-21
1.1105877240e-14
3.6544236297e-19
5.2464649082e-19
1.6457460831e-19
-1.1154250349e-13
-2.9549153490e-20
4.5409740654e-19
1.6141050807e-19
5.9785274541e-17
-1.6562470236e-17
-1.7680372657e-18
-6.0511100838e-18
-2.0875596343e-12
7.8720357619e-18
7.4794407394e-18
-2.4293651786e-12
9.2214143180e-18
9.1522296455e-18
-1.7190863772e-12
6.3879823674e-18
6.7038626571e-18
1.1272787895e-19
-5.7318268399e-19
-2.3747596566e-19
4.3366854445e-04
1.7835890203e-20
-1.9143611223e-19
-9.5500275890e-19
-1.6813252225e-19
9.3444885877e-04
1.3268669627e-19
1.3861109890e-21
2.1133345087e-21
6.9194853595e-20
-2.6097395693e-19
4.8257729906e-15
-1.5634148617e-19
-1.0208789624e-19
-6.5317206788e-19
-1.5602068432e-13
1.5995781720e-19
4.7799934025e-19
-1.5525302688e-18
-3.4495922463e-19
1.0776823698e-18
1.4654163833e-04
3.0602058919e-19
1.3775820323e-19
-1.4717112789e-19
-1.3658817267e-19
-1.0228987461e-19
-1.0516325944e-13
1.3961002555e-19
-5.7792027860e-20
2.2158960878e-14
-8.9721001884e-13
-2.7872802094e-13
-5.7410726557e-13
-3.9236715776e-17
4.7401127213e-17
-8.6085949995e-17
-4.5828664220e-17
5.6077582426e-17
-9.8159547444e-17
-3.1100015812e-17
3.7128161901e-17
-6.1092258110e-17
-2.7742066587e-20
1.0984509045e-19
-3.7164163468e-15
-2.1388919406e-19
4.3366854444e-04
3.3746201673e-19
2.2805236614e-19
-2.8525257462e-15
1.3268669627e-19
9.3444885878e-04
-4.5643694400e-20
1.5592072132e-19
-4.9767299976e-19
2.7806502697e-19
-3.0015309348e-20
3.8145089088e-15
-2.4191388236e-20
-4.3159944455e-14
-2.0282382854e-18
3.4732074081e-18
-5.7839898015e-18
4.4603721932e-19
6.7235093499e-19
1.1105144186e-14
5.5976730939e-19
1.4654163840e-04
2.1893499513e-19
-2.3342958391e-19
-3.1960834795e-19
-1.6664784744e-19
4.1450327026e-21
-8.3138420779e-14
4.4699133732e-21
1.7412450412e-17
-6.3838509195e-17
-1.9489345857e-17
-3.6225427397e-17
-4.5869426636e-17
5.3528540636e-13
-1.7127461827e-17
-5.3247316681e-17
6.5040208161e-13
-1.9790104604e-17
-3.5544601699e-17
4.7643546768e-13
-1.3965647652e-17
1.0606760411e-19
-1.2776121767e-19
-1.6956703161e-19
-5.0244040141e-20
3.8557883586e-20
1.6744305412e-19
-2.3205766585e-19
-2.1902917355e-19
1.3861109890e-21
-4.5643694400e-20
1.0068454955e-04
1.3903387470e-19
-3.8894227877e-16
2.2892790859e-19
-1.5515028931e-19
3.4423961144e-19
5.4228177754e-20
-1.1219636008e-18
-2.9874934716e-18
4.1568054484e-14
-1.2221466655e-18
5.4568278868e-20
-7.5106148461e-20
4.0108967647e-21
5.3955035214e-20
-2.3231929737e-21
1.1696178751e-05
-1.1602696452e-19
5.9514101933e-17
-7.9736291936e-20
3.8818610153e-20
-9.2285105479e-20
-1.5433899450e-20
1.9014098643e-17
4.8899001205e-17
1.7235098669e-17
2.8476318314e-17
4.9517485869e-17
3.4305436961e-17
-6.4238923363e-17
5.7825442267e-17
4.0035267402e-17
-7.4300518709e-17
3.8291164573e-17
2.6891443961e-17
-4.9034813448e-17
-4.1648694227e-16
-5.0859427153e-20
-3.4108950256e-19
-3.2924451798e-20
-1.1016893191e-19
3.8148443660e-15
-6.2884023097e-20
-3.1033105733e-19
2.1133345087e-21
1.5592072132e-19
1.3903387470e-19
1.0068454955e-04
2.0153489582e-19
-1.0843778687e-19
1.6374187661e-19
-2.5648993339e-19
-1.5503131180e-19
6.1652769993e-19
3.3335615155e-18
2.4148244206e-18
-4.2016079905e-18
8.6849229033e-15
-1.5267454415e-20
-5.8029618520e-20
1.2854446628e-20
5.7665968906e-21
-9.2748086804e-20
1.1696178751e-05
3.1397751906e-20
3.0365739205e-20
-1.7431311469e-21
2.9343526136e-20
2.5771543681e-20
4.0127373766e-17
-6.7737405980e-17
-2.0450163007e-17
-3.9434486372e-17
-3.2507273467e-17
1.1329577996e-12
5.9033061308e-17
-3.8116730410e-17
1.3766246690e-12
6.9273561946e-17
-2.5570327042e-17
1.0084221428e-12
4.7080012555e-17
-1.6659215359e-19
-5.2666683650e-16
-1.8653769829e-19
4.3321882797e-20
-3.0271014815e-19
-2.6525987583e-19
4.8259837886e-15
-3.9485650926e-19
6.9194853595e-20
-4.9767299976e-19
-3.8894227877e-16
2.0153489582e-19
1.0068454955e-04
-5.8748967736e-20
2.8422557950e-20
-9.9521782673e-20
-5.4213343937e-21
-8.9017871163e-19
-2.1925939647e-18
8.7985333131e-14
4.1534267435e-18
-6.4526036225e-20
1.0985682468e-14
1.8558074344e-20
-2.9688651670e-20
-3.1382302379e-20
5.9542583431e-17
-5.7120241589e-20
1.1696178751e-05
3.1559637804e-20
-8.9730936617e-21
-1.3344157182e-19
2.8510612344e-21
-1.4552896870e-17
-7.4554261765e-18
-3.4034534629e-18
-3.2123205602e-18
-5.3049878320e-17
-5.8015798665e-17
1.2183979149e-12
-6.0166071004e-17
-6.8583935812e-17
1.4803573294e-12
-3.9435564176e-17
-4.7187495251e-17
1.0845444101e-12
3.7994660327e-20
-1.5716917371e-20
-5.5889988006e-16
-2.3683037267e-19
1.1912435149e-19
2.3796537940e-20
-1.6672324433e-19
5.1183210032e-15
-2.6097395693e-19
2.7806502697e-19
2.2892790859e-19
-1.0843778687e-19
-5.8748967736e-20
1.0068454955e-04
3.3377292276e-20
-7.3875672208e-16
4.4406079830e-20
-2.1110419051e-19
-3.3339067876e-18
-3.9499941450e-18
9.4635922884e-14
6.8486046022e-20
4.6749392535e-20
1.1652002861e-14
-1.0994920480e-19
-8.1390472349e-21
-2.8152185706e-20
-4.0952390383e-21
3.1531929442e-20
1.1696178750e-05
2.7958875660e-20
1.7460481209e-16
-1.0440900812e-20
4.1751666858e-17
-6.2777651426e-17
-1.7489167838e-17
-3.8553587473e-17
8.5654954978e-13
1.4733960390e-18
-1.2912246881e-20
1.0406661937e-12
1.7171404686e-18
1.9298466464e-19
7.6248518422e-13
1.1554505872e-18
7.1451883436e-19
-6.5329601812e-20
4.7662666869e-20
-1.9678085824e-20
-5.2679409361e-16
-4.5477684624e-20
-5.6223770313e-20
4.5839394029e-20
1.7667667616e-22
4.8257729906e-15
-3.0015309348e-20
-1.5515028931e-19
1.6374187661e-19
2.8422557950e-20
3.3377292276e-20
1.0068454955e-04
-3.4758584450e-20
-3.8672982969e-16
-1.1130170899e-18
6.6538219173e-14
8.4657723944e-20
1.0770489435e-19
3.4650994165e-21
1.2959009271e-20
6.0032903084e-21
1.0985657565e-14
-7.7027230207e-21
1.2512918315e-20
-6.0319230269e-20
-7.2738461203e-20
1.2861700212e-20
1.1696178750e-05
4.5578971361e-20
6.3742919093e-17
-9.2513884454e-17
1.0847185954e-17
-1.4693424154e-18
7.6473786399e-18
-4.9277536372e-17
2.7834314829e-17
4.3700926179e-13
-5.8356840212e-17
3.2317528276e-17
5.3092289707e-13
-3.9748524246e-17
2.1867563658e-17
3.8902543702e-13
-5.7671574463e-20
-9.4244607938e-21
1.4430215816e-20
-8.2249303828e-20
-4.1675365837e-16
-2.4934468443e-20
1.2095115454e-19
2.0973970592e-19
-1.5634148617e-19
3.8145089088e-15
3.4423961144e-19
-2.5648993339e-19
-9.9521782673e-20
-7.3875672208e-16
-3.4758584450e-20
1.0068454955e-04
1.5352787650e-20
2.2539895362e-19
-3.3615273337e-18
1.7113401328e-18
3.3948632858e-14
-2.7966867439e-20
-9.5783235417e-20
-8.6293788091e-20
-4.4203765945e-20
8.6848490336e-15
2.1172849833e-20
3.3744138741e-20
1.4743743430e-20
1.7458914198e-16
3.3348379618e-20
1.1696178751e-05
1.9031896736e-20
2.7199240769e-16
-4.9840249172e-18
1.1450564592e-17
-1.7995932640e-18
5.3510664503e-13
5.3903808982e-18
2.9253454327e-18
6.5021669518e-13
7.2891662893e-18
5.1759448895e-18
4.7628031963e-13
5.7659474803e-18
5.2889947500e-18
-2.9288862761e-21
1.1741658681e-20
-5.4023909582e-20
-9.9662657026e-20
-7.9023951657e-20
-7.0498835294e-21
-2.8766059689e-20
-4.9826655457e-20
-1.0208789624e-19
-2.4191388236e-20
5.4228177754e-20
-1.5503131180e-19
-5.4213343937e-21
4.4406079830e-20
-3.8672982969e-16
1.5352787650e-20
1.0068454955e-04
-3.1616797755e-19
4.1552598370e-14
4.8261950302e-19
5.5125747975e-19
4.9135311004e-20
-1.0478517473e-21
-9.2636368916e-21
-4.7229084066e-20
-6.7195572716e-20
-5.1624658507e-21
3.0617256773e-20
-1.5876121395e-20
-2.6435027384e-20
6.3846257086e-17
4.5983158944e-21
1.1696178751e-05
-8.2537927331e-04
5.4554886112e-03
1.6735569821e-03
3.3333544878e-03
-6.2441661516e-18
3.1231233885e-17
-7.1433138536e-11
-2.5069862406e-18
3.7065233842e-17
-8.6455722765e-11
-3.4896101481e-18
2.4562427664e-17
-6.2215934694e-11
1.1051915743e-18
-8.4848456059e-19
-2.0923139473e-14
-4.2183262423e-19
-1.0085040262e-14
8.7633033854e-19
-1.8787109732e-18
-8.9712485840e-14
-6.5317206788e-19
-4.3159944455e-14
-1.1219636008e-18
6.1652769993e-19
-8.9017871163e-19
-2.1110419051e-19
-1.1130170899e-18
2.2539895362e-19
-3.1616797755e-19
1.2291202027e-04
-8.9350046066e-20
2.3761299927e-18
-5.1648437239e-12
-2.1570018633e-18
-2.0377993657e-18
-2.8951677437e-13
-7.9924815580e-19
-1.3923217923e-13
9.8079477460e-19
-5.1787451732e-20
8.7166218628e-20
5.0009977584e-19
9.7244600737e-19
-2.9290025366e-19
5.1651264275e-19
1.4950494153e-16
4.5282059856e-18
7.7870900190e-18
6.5373285752e-18
1.0865075552e-02
-1.7004831763e-16
-7.5128586977e-17
1.3156447133e-02
-2.1474672132e-16
-1.1575379826e-16
9.2905078461e-03
-1.4664602628e-16
-5.9271689645e-17
2.2319982064e-18
-1.7600978360e-18
5.6597352454e-19
-1.4001695795e-13
1.6547834202e-18
1.0779605354e-18
1.8481974719e-18
-6.7608787359e-20
-1.5602068432e-13
-2.0282382854e-18
-2.9874934716e-18
3.3335615155e-18
-2.1925939647e-18
-3.3339067876e-18
6.6538219173e-14
-3.3615273337e-18
4.1552598370e-14
-8.9350046066e-20
7.6253641172e-04
-1.5217443324e-17
-2.6435721905e-17
-2.1991386843e-18
-1.8358490274e-18
-2.2014693891e-19
-2.3806086875e-12
2.5849574554e-18
1.7074773562e-18
-5.3077138130e-18
3.8390029836e-18
1.6883193101e-18
-3.2822357187e-13
1.8974597973e-18
-2.0484343705e-13
-1.5942716056e-16
4.0610587169e-18
-8.4432895701e-18
2.9052899144e-18
-3.9622678046e-17
1.0865075576e-02
-1.9660138825e-15
-4.7155620293e-17
1.3156447162e-02
-2.3516562185e-15
-2.7038896786e-17
9.2905078670e-03
-1.6636519156e-15
-6.9245383580e-18
-1.4001671795e-13
-5.1833338188e-19
-3.9392750225e-19
-3.2955558578e-18
3.7004323292e-18
-1.5601663392e-13
8.9129501021e-19
1.5995781720e-19
3.4732074081e-18
4.1568054484e-14
2.4148244206e-18
8.7985333131e-14
-3.9499941450e-18
8.4657723944e-20
1.7113401328e-18
4.8261950302e-19
2.3761299927e-18
-1.5217443324e-17
7.6253641511e-04
-1.3329455443e-16
-1.9047687890e-19
-2.3806121805e-12
3.3042429224e-19
-2.1446122263e-18
-2.7663881952e-18
-2.0487734234e-13
-2.2694688659e-18
-4.3390088806e-13
7.5376093137e-18
-5.6840503892e-19
-6.0288597096e-18
-2.9916542840e-18
3.6301497474e-13
1.0521429148e-12
3.4707064894e-13
9.0945012846e-13
-2.8940615005e-16
1.1038227358e-16
1.0865075522e-02
-3.4257780496e-16
1.3265310473e-16
1.3156447097e-02
-2.3330619761e-16
9.8332480450e-17
9.2905078190e-03
-1.8245417867e-18
6.6266906862e-19
-1.6167915513e-13
-4.6356236674e-19
-2.0014982806e-18
3.1711055580e-18
-7.2747101896e-18
-1.8014402190e-13
4.7799934025e-19
-5.7839898015e-18
-1.2221466655e-18
-4.2016079905e-18
4.1534267435e-18
9.4635922884e-14
1.0770489435e-19
3.3948632858e-14
5.5125747975e-19
-5.1648437239e-12
-2.6435721905e-17
-1.3329455443e-16
7.6253640731e-04
-1.2547589803e-17
3.6710632198e-18
-2.7489079869e-12
-9.8234078235e-19
5.0417705954e-18
-4.3858880638e-18
4.9582150947e-18
-2.9172556554e-18
-4.6675297694e-13
-1.9023348940e-19
-1.6735498934e-13
-1.8975569271e-18
1.0838049866e-16
-1.5837735962e-16
-4.4468095001e-17
-9.7440954847e-17
-3.1019171774e-17
-5.1188660855e-18
-1.8055168027e-16
-3.5263294612e-17
-5.8583253808e-18
-2.1252046570e-16
-2.2473756035e-17
-2.7697536782e-18
-1.4730346205e-16
1.8042488810e-05
-1.8476656128e-19
-3.4783173993e-20
-4.6859198568e-19
-3.6909440748e-20
1.4654163840e-04
-2.2748456884e-21
-1.6576844491e-19
-1.5525302688e-18
4.4603721932e-19
5.4568278868e-20
8.6849229033e-15
-6.4526036225e-20
6.8486046022e-20
3.4650994165e-21
-2.7966867439e-20
4.9135311004e-20
-2.1570018633e-18
-2.1991386843e-18
-1.9047687890e-19
-1.2547589803e-17
1.1161685500e-04
-6.6592190660e-20
1.0152082122e-19
-7.2591069878e-19
2.8356488149e-19
-6.1143999732e-20
-3.8061164267e-14
-2.7783646208e-19
7.2132132427e-20
9.8817682100e-21
-9.5326048033e-20
-6.3767793413e-20
7.7292355079e-17
-5.4860205935e-17
-1.2229009377e-17
-3.5125351974e-17
-2.5645215386e-17
-3.2408474861e-11
5.7363682006e-17
-3.0213879499e-17
-3.9160611157e-11
6.5803887689e-17
-2.0911428516e-17
-2.8181145682e-11
4.3097065202e-17
-4.7915576598e-19
1.8042488800e-05
-2.0573801841e-19
-1.6120975440e-19
4.5567937383e-19
-4.4982418932e-19
1.4654163836e-04
-1.2835699568e-18
-3.4495922463e-19
6.7235093499e-19
-7.5106148461e-20
-1.5267454415e-20
1.0985682468e-14
4.6749392535e-20
1.2959009271e-20
-9.5783235417e-20
-1.0478517473e-21
-2.0377993657e-18
-1.8358490274e-18
-2.3806121805e-12
3.6710632198e-18
-6.6592190660e-20
1.1161685496e-04
-2.4277981195e-19
-4.7830485212e-20
6.7813619572e-19
-1.9531294741e-20
-2.5380127947e-20
-4.8144108311e-14
3.5470730002e-20
-1.9013701593e-20
5.7622173250e-20
2.4685678377e-20
4.3077698949e-14
-1.4557146411e-11
-4.2850479127e-12
-9.6063759586e-12
-1.9808522789e-18
8.9538346564e-18
-3.7422285357e-11
-2.6465855675e-18
8.7249469096e-18
-4.5219021903e-11
-2.4196487313e-18
4.4637996257e-18
-3.2540953812e-11
-1.4574910482e-19
3.1423212272e-19
1.8042488792e-05
4.1488573430e-19
2.1890446440e-15
-6.1266947397e-20
1.2973354251e-18
1.4654163832e-04
1.0776823698e-18
1.1105144186e-14
4.0108967647e-21
-5.8029618520e-20
1.8558074344e-20
1.1652002861e-14
6.0032903084e-21
-8.6293788091e-20
-9.2636368916e-21
-2.8951677437e-13
-2.2014693891e-19
3.3042429224e-19
-2.7489079869e-12
1.0152082122e-19
-2.4277981195e-19
1.1161685491e-04
2.4616903727e-19
1.6125615884e-14
2.0307567304e-20
3.7517267336e-20
3.4807725119e-20
-5.1064495606e-14
-8.2065879240e-21
2.9846957829e-20
4.5866207691e-20
-1.5535227030e-16
-5.0896250136e-17
-2.4495538531e-17
-2.7755879731e-17
-3.2408423856e-11
-3.1857465646e-17
-1.9375291162e-17
-3.9160554089e-11
-3.6327398611e-17
-2.0518837430e-17
-2.8181108464e-11
-2.3421753423e-17
-1.1306177370e-17
-1.3951533089e-19
1.6451290152e-19
9.4501988282e-21
1.8042488793e-05
1.7731131293e-19
-2.4739966368e-19
1.3790625548e-19
-7.8827208570e-21
1.4654163833e-04
5.5976730939e-19
5.3955035214e-20
1.2854446628e-20
-2.9688651670e-20
-1.0994920480e-19
1.0985657565e-14
-4.4203765945e-20
-4.7229084066e-20
-7.9924815580e-19
-2.3806086875e-12
-2.1446122263e-18
-9.8234078235e-19
-7.2591069878e-19
-4.7830485212e-20
2.4616903727e-19
1.1161685492e-04
3.4610274060e-19
8.5844117191e-20
-3.5028110742e-20
-1.2395948923e-19
-1.0553489353e-19
-4.8144059626e-14
3.4482847560e-20
-1.5589801347e-19
2.0499630203e-14
-7.0061262766e-12
-2.0624861186e-12
-4.6224915762e-12
3.7865788898e-17
-4.1779912202e-17
7.6185175386e-17
4.2978036139e-17
-4.9064433635e-17
8.9641603956e-17
2.7753234475e-17
-3.3309994906e-17
6.1134192131e-17
4.2662824151e-19
1.5409231249e-20
2.1893839865e-15
2.9581020005e-20
1.8042488810e-05
7.2777830540e-19
7.4176339740e-19
1.1105877240e-14
3.0602058919e-19
1.4654163840e-04
-2.3231929737e-21
5.7665968906e-21
-3.1382302379e-20
-8.1390472349e-21
-7.7027230207e-21
8.6848490336e-15
-6.7195572716e-20
-1.3923217923e-13
2.5849574554e-18
-2.7663881952e-18
5.0417705954e-18
2.8356488149e-19
6.7813619572e-19
1.6125615884e-14
3.4610274060e-19
1.1161685500e-04
9.2761768196e-20
-7.4934596675e-20
-4.2176967276e-20
-3.8969875229e-20
-4.6486775180e-20
-3.8061223815e-14
-2.0033930570e-19
-1.5915097255e-16
6.1114076304e-17
1.1022003036e-17
3.8557871734e-17
2.4435340041e-17
-2.8660841252e-12
-6.5428768566e-17
2.8597243464e-17
-3.4412296221e-12
-7.6780045973e-17
1.9912852434e-17
-2.4285088223e-12
-5.1601010894e-17
-3.3792684441e-19
7.6084785804e-20
4.2882976889e-19
2.2808277545e-20
2.1444580710e-19
-4.7748615109e-19
1.6327997361e-19
3.6544236297e-19
1.3775820323e-19
2.1893499513e-19
1.1696178751e-05
-9.2748086804e-20
5.9542583431e-17
-2.8152185706e-20
1.2512918315e-20
2.1172849833e-20
-5.1624658507e-21
9.8079477460e-19
1.7074773562e-18
-2.0487734234e-13
-4.3858880638e-18
-6.1143999732e-20
-1.9531294741e-20
2.0307567304e-20
8.5844117191e-20
9.2761768196e-20
6.3328335774e-05
4.6455281433e-20
1.3793941128e-15
3.7700447651e-20
5.1466788954e-20
-1.7589604011e-20
-2.0868323877e-20
-5.1761589878e-17
-3.3864452079e-18
-4.2788384857e-18
-3.1058702974e-19
-8.4861270908e-17
-3.3436448712e-17
7.6118715327e-17
-9.7063880058e-17
-3.9164040626e-17
8.8421669977e-17
-6.2927106573e-17
-2.6789149539e-17
5.8678606981e-17
-2.4970362081e-14
1.1594019879e-19
4.5380759626e-19
-1.1170353405e-19
-5.9806290638e-20
-8.3138787875e-14
1.3208527486e-19
5.2464649082e-19
-1.4717112789e-19
-2.3342958391e-19
-1.1602696452e-19
1.1696178751e-05
-5.7120241589e-20
-4.0952390383e-21
-6.0319230269e-20
3.3744138741e-20
3.0617256773e-20
-5.1787451732e-20
-5.3077138130e-18
-2.2694688659e-18
4.9582150947e-18
-3.8061164267e-14
-2.5380127947e-20
3.7517267336e-20
-3.5028110742e-20
-7.4934596675e-20
4.6455281433e-20
6.3328335766e-05
2.1001743404e-19
-2.2848320546e-20
-4.6671209531e-20
-1.8260945246e-19
9.6016742547e-20
-8.5308957290e-17
-2.6590184405e-18
-5.6648466668e-18
-2.0784660698e-18
6.4307704319e-17
-6.0706908210e-12
-3.9897696210e-17
7.2343652702e-17
-7.2889233458e-12
-4.8299966555e-17
4.5543334425e-17
-5.1437191568e-12
-3.5258836707e-17
-5.1585475455e-19
-3.1585436895e-14
1.1784125783e-19
-2.4296801429e-20
-5.5549615282e-20
-1.0413611237e-18
-1.0516355962e-13
1.6457460831e-19
-1.3658817267e-19
-3.1960834795e-19
5.9514101933e-17
3.1397751906e-20
1.1696178751e-05
3.1531929442e-20
-7.2738461203e-20
1.4743743430e-20
-1.5876121395e-20
8.7166218628e-20
3.8390029836e-18
-4.3390088806e-13
-2.9172556554e-18
-2.7783646208e-19
-4.8144108311e-14
3.4807725119e-20
-1.2395948923e-19
-4.2176967276e-20
1.3793941128e-15
2.1001743404e-19
6.3328335764e-05
5.2829071574e-21
-4.4303909071e-20
-4.8262120123e-20
-1.1129769972e-20
2.5460302555e-17
3.7164895536e-17
1.2941135639e-17
2.2884107094e-17
3.4588682070e-17
1.0744024709e-16
-6.5319617304e-12
3.6153140644e-17
1.2779068380e-16
-7.8429813694e-12
1.9899406188e-17
8.8440550334e-17
-5.5343997418e-12
1.1521219551e-19
1.0238430535e-20
-3.3501212492e-14
-9.4481539693e-20
-1.5994082885e-19
8.6584205928e-20
-4.9613734061e-20
-1.1154250349e-13
-1.0228987461e-19
-1.6664784744e-19
-7.9736291936e-20
3.0365739205e-20
3.1559637804e-20
1.1696178750e-05
1.2861700212e-20
1.7458914198e-16
-2.6435027384e-20
5.0009977584e-19
1.6883193101e-18
7.5376093137e-18
-4.6675297694e-13
7.2132132427e-20
3.5470730002e-20
-5.1064495606e-14
-1.0553489353e-19
-3.8969875229e-20
3.7700447651e-20
-2.2848320546e-20
5.2829071574e-21
6.3328335759e-05
1.4016856114e-19
2.9214408732e-15
1.9150837710e-20
-3.0633268013e-16
4.9381531608e-17
9.3984170338e-19
2.9304001632e-17
-4.5942191351e-12
-7.6103068873e-18
-1.9821178221e-19
-5.5164259954e-12
-9.3493852236e-18
-1.1961852905e-18
-3.8924917884e-12
-6.9404353902e-18
-2.1223457178e-18
4.7782575582e-20
-6.2311844673e-20
-1.1891377606e-20
-3.1585254672e-14
2.6055837074e-20
-2.9484630236e-20
-6.6805807330e-20
-2.9549153490e-20
-1.0516325944e-13
4.1450327026e-21
3.8818610153e-20
-1.7431311469e-21
-8.9730936617e-21
2.7958875660e-20
1.1696178750e-05
3.3348379618e-20
6.3846257086e-17
9.7244600737e-19
-3.2822357187e-13
-5.6840503892e-19
-1.9023348940e-19
9.8817682100e-21
-1.9013701593e-20
-8.2065879240e-21
-4.8144059626e-14
-4.6486775180e-20
5.1466788954e-20
-4.6671209531e-20
-4.4303909071e-20
1.4016856114e-19
6.3328335759e-05
5.3999414147e-20
1.4022542344e-15
6.8826461002e-17
-1.4498663132e-17
-2.8090274172e-18
-6.6237102645e-18
2.7094889077e-17
-8.0567870216e-17
-2.3424124523e-12
3.2455771826e-17
-9.7814600664e-17
-2.8126460258e-12
2.2714229775e-17
-7.0065662549e-17
-1.9846762343e-12
-4.2773316208e-19
2.1913913850e-19
3.3853626268e-19
5.5009348776e-20
-2.4970150869e-14
-5.9780815508e-19
4.8978257238e-19
4.5409740654e-19
1.3961002555e-19
-8.3138420779e-14
-9.2285105479e-20
2.9343526136e-20
-1.3344157182e-19
1.7460481209e-16
4.5578971361e-20
1.1696178751e-05
4.5983158944e-21
-2.9290025366e-19
1.8974597973e-18
-6.0288597096e-18
-1.6735498934e-13
-9.5326048033e-20
5.7622173250e-20
2.9846957829e-20
3.4482847560e-20
-3.8061223815e-14
-1.7589604011e-20
-1.8260945246e-19
-4.8262120123e-20
2.9214408732e-15
5.3999414147e-20
6.3328335766e-05
5.4729909902e-20
-1.1908147196e-16
2.5384417727e-17
2.5967119252e-18
1.4711618107e-17
-2.8652035926e-12
-3.4113238982e-17
-1.0959675666e-17
-3.4401238703e-12
-4.4830916075e-17
-2.1828812402e-17
-2.4278101659e-12
-3.7048523729e-17
-2.6528288477e-17
-4.2833380945e-19
-5.0664950812e-20
7.8889487184e-20
5.7072093483e-20
6.8658029499e-20
-8.3482906776e-19
-8.4924502950e-20
1.6141050807e-19
-5.7792027860e-20
4.4699133732e-21
-1.5433899450e-20
2.5771543681e-20
2.8510612344e-21
-1.0440900812e-20
6.3742919093e-17
1.9031896736e-20
1.1696178751e-05
5.1651264275e-19
-2.0484343705e-13
-2.9916542840e-18
-1.8975569271e-18
-6.3767793413e-20
2.4685678377e-20
4.5866207691e-20
-1.5589801347e-19
-2.0033930570e-19
-2.0868323877e-20
9.6016742547e-20
-1.1129769972e-20
1.9150837710e-20
1.4022542344e-15
5.4729909902e-20
6.3328335774e-05
9.5072044366e-01
-1.8914588945e-03
4.2075515465e-02
2.7445147951e-03
-8.0934990243e-18
-2.7271921459e-16
3.0346049971e-12
-4.0409042816e-17
3.0248198433e-17
4.9087523758e-12
-1.7506017215e-16
2.3095392349e-16
3.2774255528e-12
5.1071975847e-17
-4.6372582543e-17
-1.2765736468e-14
-1.3784454762e-17
-5.6139686493e-15
2.6885998410e-16
3.1443420582e-16
4.6351941269e-14
5.9785274541e-17
2.2158960878e-14
1.7412450412e-17
1.9014098643e-17
4.0127373766e-17
-1.4552896870e-17
4.1751666858e-17
-9.2513884454e-17
2.7199240769e-16
-8.2537927331e-04
1.4950494153e-16
-1.5942716056e-16
3.6301497474e-13
1.0838049866e-16
7.7292355079e-17
4.3077698949e-14
-1.5535227030e-16
2.0499630203e-14
-1.5915097255e-16
-5.1761589878e-17
-8.5308957290e-17
2.5460302555e-17
-3.0633268013e-16
6.8826461002e-17
-1.1908147196e-16
-1.8914588945e-03
3.4147509389e-01
1.0494668290e-01
2.0740157521e-01
-4.8316718546e-17
5.0286532533e-17
3.0189167676e-11
1.3186465472e-16
4.4793348290e-17
3.2124376456e-11
-1.8162893960e-16
-3.8672284298e-17
2.7560627504e-12
-7.2346680384e-19
4.1554491481e-18
-5.3737896600e-13
-1.8877241699e-17
-2.5856359219e-13
-6.8008328704e-17
3.4682085860e-17
-1.8658479088e-12
-1.6562470236e-17
-8.9721001884e-13
-6.3838509195e-17
4.8899001205e-17
-6.7737405980e-17
-7.4554261765e-18
-6.2777651426e-17
1.0847185954e-17
-4.9840249172e-18
5.4554886112e-03
4.5282059856e-18
4.0610587169e-18
1.0521429148e-12
-1.5837735962e-16
-5.4860205935e-17
-1.4557146411e-11
-5.0896250136e-17
-7.0061262766e-12
6.1114076304e-17
-3.3864452079e-18
-2.6590184405e-18
3.7164895536e-17
4.9381531608e-17
-1.4498663132e-17
2.5384417727e-17
4.2075515465e-02
1.0494668290e-01
3.7831955233e-02
6.1103697081e-02
-7.9874551043e-18
1.7456980048e-17
1.0229885191e-11
4.8897111088e-17
2.7678859455e-17
1.0644515581e-11
-5.5396915011e-17
1.0924684642e-17
1.3954223534e-12
-9.9150940533e-20
1.3075547071e-19
-1.4563831832e-13
-7.0356489736e-18
-7.0096377456e-14
-1.2834431080e-17
2.5242789645e-17
-5.7915957779e-13
-1.7680372657e-18
-2.7872802094e-13
-1.9489345857e-17
1.7235098669e-17
-2.0450163007e-17
-3.4034534629e-18
-1.7489167838e-17
-1.4693424154e-18
1.1450564592e-17
1.6735569821e-03
7.7870900190e-18
-8.4432895701e-18
3.4707064894e-13
-4.4468095001e-17
-1.2229009377e-17
-4.2850479127e-12
-2.4495538531e-17
-2.0624861186e-12
1.1022003036e-17
-4.2788384857e-18
-5.6648466668e-18
1.2941135639e-17
9.3984170338e-19
-2.8090274172e-18
2.5967119252e-18
2.7445147951e-03
2.0740157521e-01
6.1103697081e-02
1.3619603812e-01
-1.6431090245e-17
-3.7237181515e-17
2.2799413860e-11
9.3949222975e-17
-4.8889870708e-17
2.5720430574e-11
-1.1440008448e-16
-8.3743480941e-17
5.3163073603e-12
-1.7743470584e-18
1.5799923024e-18
-3.8648741946e-13
-9.0929761558e-18
-1.8597638999e-13
-4.0942333089e-17
2.4861289808e-17
-1.1946193548e-12
-6.0511100838e-18
-5.7410726557e-13
-3.6225427397e-17
2.8476318314e-17
-3.9434486372e-17
-3.2123205602e-18
-3.8553587473e-17
7.6473786399e-18
-1.7995932640e-18
3.3333544878e-03
6.5373285752e-18
2.9052899144e-18
9.0945012846e-13
-9.7440954847e-17
-3.5125351974e-17
-9.6063759586e-12
-2.7755879731e-17
-4.6224915762e-12
3.8557871734e-17
-3.1058702974e-19
-2.0784660698e-18
2.2884107094e-17
2.9304001632e-17
-6.6237102645e-18
1.4711618107e-17
-8.0934990243e-18
-4.8316718546e-17
-7.9874551043e-18
-1.6431090245e-17
1.6705648474e-01
-1.5732514987e-17
-7.1122050248e-17
1.9237824909e-01
-6.3410143154e-17
-1.8450746794e-16
1.2789082287e-01
1.4503913035e-16
4.5805432894e-16
4.1824130594e-17
-2.3079061770e-17
1.0385150984e-17
-2.0347647196e-12
1.8604997748e-17
3.3684415380e-17
3.2051138020e-17
2.7358252431e-20
-2.0875596343e-12
-3.9236715776e-17
-4.5869426636e-17
4.9517485869e-17
-3.2507273467e-17
-5.3049878320e-17
8.5654954978e-13
-4.9277536372e-17
5.3510664503e-13
-6.2441661516e-18
1.0865075552e-02
-3.9622678046e-17
-2.8940615005e-16
-3.1019171774e-17
-2.5645215386e-17
-1.9808522789e-18
-3.2408423856e-11
3.7865788898e-17
2.4435340041e-17
-8.4861270908e-17
6.4307704319e-17
3.4588682070e-17
-4.5942191351e-12
2.7094889077e-17
-2.8652035926e-12
-2.7271921459e-16
5.0286532533e-17
1.7456980048e-17
-3.7237181515e-17
-1.5732514987e-17
1.6705648473e-01
2.7537800780e-16
-4.6660261235e-17
1.9237824907e-01
2.7703522478e-16
2.1562169810e-17
1.2789082287e-01
5.9426582336e-17
-1.0207962771e-16
-2.0347667152e-12
-9.8936409141e-18
-3.4060282388e-18
-4.8790373239e-17
4.9910902546e-17
-2.0874958171e-12
2.3898211708e-17
7.8720357619e-18
4.7401127213e-17
5.3528540636e-13
3.4305436961e-17
1.1329577996e-12
-5.8015798665e-17
1.4733960390e-18
2.7834314829e-17
5.3903808982e-18
3.1231233885e-17
-1.7004831763e-16
1.0865075576e-02
1.1038227358e-16
-5.1188660855e-18
-3.2408474861e-11
8.9538346564e-18
-3.1857465646e-17
-4.1779912202e-17
-2.8660841252e-12
-3.3436448712e-17
-6.0706908210e-12
1.0744024709e-16
-7.6103068873e-18
-8.0567870216e-17
-3.4113238982e-17
3.0346049971e-12
3.0189167676e-11
1.0229885191e-11
2.2799413860e-11
-7.1122050248e-17
2.7537800780e-16
1.6705648476e-01
-8.7906760990e-17
2.9109809070e-16
1.9237824911e-01
-1.9832976096e-17
2.5687471708e-16
1.2789082287e-01
-2.8941383937e-17
1.3014466690e-17
-2.3495840782e-12
-6.7095908957e-18
-2.4863112981e-17
4.9368727673e-17
-1.1114209388e-16
-2.4103314168e-12
7.4794407394e-18
-8.6085949995e-17
-1.7127461827e-17
-6.4238923363e-17
5.9033061308e-17
1.2183979149e-12
-1.2912246881e-20
4.3700926179e-13
2.9253454327e-18
-7.1433138536e-11
-7.5128586977e-17
-1.9660138825e-15
1.0865075522e-02
-1.8055168027e-16
5.7363682006e-17
-3.7422285357e-11
-1.9375291162e-17
7.6185175386e-17
-6.5428768566e-17
7.6118715327e-17
-3.9897696210e-17
-6.5319617304e-12
-1.9821178221e-19
-2.3424124523e-12
-1.0959675666e-17
-4.0409042816e-17
1.3186465472e-16
4.8897111088e-17
9.3949222975e-17
1.9237824909e-01
-4.6660261235e-17
-8.7906760990e-17
2.2753935080e-01
-1.0714970502e-16
-2.2717683874e-16
1.5404439794e-01
1.4649525242e-16
5.2868507857e-16
4.8674153697e-17
-2.6993100339e-17
1.1763271403e-17
-2.4100504932e-12
2.1987614377e-17
3.8329136333e-17
3.7501058011e-17
-1.2378563488e-19
-2.4293651786e-12
-4.5828664220e-17
-5.3247316681e-17
5.7825442267e-17
-3.8116730410e-17
-6.0166071004e-17
1.0406661937e-12
-5.8356840212e-17
6.5021669518e-13
-2.5069862406e-18
1.3156447133e-02
-4.7155620293e-17
-3.4257780496e-16
-3.5263294612e-17
-3.0213879499e-17
-2.6465855675e-18
-3.9160554089e-11
4.2978036139e-17
2.8597243464e-17
-9.7063880058e-17
7.2343652702e-17
3.6153140644e-17
-5.5164259954e-12
3.2455771826e-17
-3.4401238703e-12
3.0248198433e-17
4.4793348290e-17
2.7678859455e-17
-4.8889870708e-17
-6.3410143154e-17
1.9237824907e-01
2.9109809070e-16
-1.0714970502e-16
2.2753935078e-01
3.1446386202e-16
-8.6213805513e-18
1.5404439794e-01
7.4058271536e-17
-1.1970765944e-16
-2.4100523551e-12
-1.1149485001e-17
-4.1366498281e-18
-5.8154986495e-17
5.9962167606e-17
-2.4292932421e-12
2.4457891440e-17
9.2214143180e-18
5.6077582426e-17
6.5040208161e-13
4.0035267402e-17
1.3766246690e-12
-6.8583935812e-17
1.7171404686e-18
3.2317528276e-17
7.2891662893e-18
3.7065233842e-17
-2.1474672132e-16
1.3156447162e-02
1.3265310473e-16
-5.8583253808e-18
-3.9160611157e-11
8.7249469096e-18
-3.6327398611e-17
-4.9064433635e-17
-3.4412296221e-12
-3.9164040626e-17
-7.2889233458e-12
1.2779068380e-16
-9.3493852236e-18
-9.7814600664e-17
-4.4830916075e-17
4.9087523758e-12
3.2124376456e-11
1.0644515581e-11
2.5720430574e-11
-1.8450746794e-16
2.7703522478e-16
1.9237824911e-01
-2.2717683874e-16
3.1446386202e-16
2.2753935083e-01
-1.0476085528e-16
2.9427206447e-16
1.5404439794e-01
-3.2629056261e-17
1.4447978047e-17
-2.7829322892e-12
-7.3877174615e-18
-2.9484454571e-17
5.6809018942e-17
-1.2855252168e-16
-2.8049847243e-12
9.1522296455e-18
-9.8159547444e-17
-1.9790104604e-17
-7.4300518709e-17
6.9273561946e-17
1.4803573294e-12
1.9298466464e-19
5.3092289707e-13
5.1759448895e-18
-8.6455722765e-11
-1.1575379826e-16
-2.3516562185e-15
1.3156447097e-02
-2.1252046570e-16
6.5803887689e-17
-4.5219021903e-11
-2.0518837430e-17
8.9641603956e-17
-7.6780045973e-17
8.8421669977e-17
-4.8299966555e-17
-7.8429813694e-12
-1.1961852905e-18
-2.8126460258e-12
-2.1828812402e-17
-1.7506017215e-16
-1.8162893960e-16
-5.5396915011e-17
-1.1440008448e-16
1.2789082287e-01
2.1562169810e-17
-1.9832976096e-17
1.5404439794e-01
-8.6213805513e-18
-1.0476085528e-16
1.1000700372e-01
1.4295480212e-16
4.0021685816e-16
3.2700896650e-17
-1.8371878244e-17
7.6090089095e-18
-1.7055613829e-12
1.5236039585e-17
2.4081484519e-17
2.4974704742e-17
5.9100580275e-21
-1.7190863772e-12
-3.1100015812e-17
-3.5544601699e-17
3.8291164573e-17
-2.5570327042e-17
-3.9435564176e-17
7.6248518422e-13
-3.9748524246e-17
4.7628031963e-13
-3.4896101481e-18
9.2905078461e-03
-2.7038896786e-17
-2.3330619761e-16
-2.2473756035e-17
-2.0911428516e-17
-2.4196487313e-18
-2.8181108464e-11
2.7753234475e-17
1.9912852434e-17
-6.2927106573e-17
4.5543334425e-17
1.9899406188e-17
-3.8924917884e-12
2.2714229775e-17
-2.4278101659e-12
2.3095392349e-16
-3.8672284298e-17
1.0924684642e-17
-8.3743480941e-17
1.4503913035e-16
1.2789082287e-01
2.5687471708e-16
1.4649525242e-16
1.5404439794e-01
2.9427206447e-16
1.4295480212e-16
1.1000700372e-01
1.2055438868e-16
-8.1882647170e-17
-1.7055628674e-12
-7.3171315927e-18
-2.9733828172e-18
-4.0847570586e-17
4.0459159535e-17
-1.7190403254e-12
1.2171916151e-17
6.3879823674e-18
3.7128161901e-17
4.7643546768e-13
2.6891443961e-17
1.0084221428e-12
-4.7187495251e-17
1.1554505872e-18
2.1867563658e-17
5.7659474803e-18
2.4562427664e-17
-1.4664602628e-16
9.2905078670e-03
9.8332480450e-17
-2.7697536782e-18
-2.8181145682e-11
4.4637996257e-18
-2.3421753423e-17
-3.3309994906e-17
-2.4285088223e-12
-2.6789149539e-17
-5.1437191568e-12
8.8440550334e-17
-6.9404353902e-18
-7.0065662549e-17
-3.7048523729e-17
3.2774255528e-12
2.7560627504e-12
1.3954223534e-12
5.3163073603e-12
4.5805432894e-16
5.9426582336e-17
1.2789082287e-01
5.2868507857e-16
7.4058271536e-17
1.5404439794e-01
4.0021685816e-16
1.2055438868e-16
1.1000700371e-01
-2.2386027906e-17
1.0358228038e-17
-1.9694422157e-12
-4.5179239133e-18
-1.9837339229e-17
3.9888753505e-17
-8.3356206862e-17
-1.9848981477e-12
6.7038626571e-18
-6.1092258110e-17
-1.3965647652e-17
-4.9034813448e-17
4.7080012555e-17
1.0845444101e-12
7.1451883436e-19
3.8902543702e-13
5.2889947500e-18
-6.2215934694e-11
-5.9271689645e-17
-1.6636519156e-15
9.2905078190e-03
-1.4730346205e-16
4.3097065202e-17
-3.2540953812e-11
-1.1306177370e-17
6.1134192131e-17
-5.1601010894e-17
5.8678606981e-17
-3.5258836707e-17
-5.5343997418e-12
-2.1223457178e-18
-1.9846762343e-12
-2.6528288477e-17
5.1071975847e-17
-7.2346680384e-19
-9.9150940533e-20
-1.7743470584e-18
4.1824130594e-17
-1.0207962771e-16
-2.8941383937e-17
4.8674153697e-17
-1.1970765944e-16
-3.2629056261e-17
3.2700896650e-17
-8.1882647170e-17
-2.2386027906e-17
4.6220969416e-04
5.7911871184e-19
1.2345118094e-19
3.5543611711e-19
5.3886158660e-19
4.3366854444e-04
7.6196812248e-19
-6.7872515509e-19
1.1272787895e-19
-2.7742066587e-20
1.0606760411e-19
-4.1648694227e-16
-1.6659215359e-19
3.7994660327e-20
-6.5329601812e-20
-5.7671574463e-20
-2.9288862761e-21
1.1051915743e-18
2.2319982064e-18
-6.9245383580e-18
-1.8245417867e-18
1.8042488810e-05
-4.7915576598e-19
-1.4574910482e-19
-1.3951533089e-19
4.2662824151e-19
-3.3792684441e-19
-2.4970362081e-14
-5.1585475455e-19
1.1521219551e-19
4.7782575582e-20
-4.2773316208e-19
-4.2833380945e-19
-4.6372582543e-17
4.1554491481e-18
1.3075547071e-19
1.5799923024e-18
-2.3079061770e-17
-2.0347667152e-12
1.3014466690e-17
-2.6993100339e-17
-2.4100523551e-12
1.4447978047e-17
-1.8371878244e-17
-1.7055628674e-12
1.0358228038e-17
5.7911871184e-19
4.6220969417e-04
-4.0425384854e-19
3.1475460074e-19
-2.1258240990e-19
8.4088141054e-19
4.3366854444e-04
-7.2177943348e-19
-5.7318268399e-19
1.0984509045e-19
-1.2776121767e-19
-5.0859427153e-20
-5.2666683650e-16
-1.5716917371e-20
4.7662666869e-20
-9.4244607938e-21
1.1741658681e-20
-8.4848456059e-19
-1.7600978360e-18
-1.4001671795e-13
6.6266906862e-19
-1.8476656128e-19
1.8042488800e-05
3.1423212272e-19
1.6451290152e-19
1.5409231249e-20
7.6084785804e-20
1.1594019879e-19
-3.1585436895e-14
1.0238430535e-20
-6.2311844673e-20
2.1913913850e-19
-5.0664950812e-20
-1.2765736468e-14
-5.3737896600e-13
-1.4563831832e-13
-3.8648741946e-13
1.0385150984e-17
-9.8936409141e-18
-2.3495840782e-12
1.1763271403e-17
-1.1149485001e-17
-2.7829322892e-12
7.6090089095e-18
-7.3171315927e-18
-1.9694422157e-12
1.2345118094e-19
-4.0425384854e-19
4.6220969418e-04
-5.2402621098e-19
-7.1172756540e-15
-4.8877817157e-19
-3.1967608275e-19
4.3366854445e-04
-2.3747596566e-19
-3.7164163468e-15
-1.6956703161e-19
-3.4108950256e-19
-1.8653769829e-19
-5.5889988006e-16
-1.9678085824e-20
1.4430215816e-20
-5.4023909582e-20
-2.0923139473e-14
5.6597352454e-19
-5.1833338188e-19
-1.6167915513e-13
-3.4783173993e-20
-2.0573801841e-19
1.8042488792e-05
9.4501988282e-21
2.1893839865e-15
4.2882976889e-19
4.5380759626e-19
1.1784125783e-19
-3.3501212492e-14
-1.1891377606e-20
3.3853626268e-19
7.8889487184e-20
-1.3784454762e-17
-1.8877241699e-17
-7.0356489736e-18
-9.0929761558e-18
-2.0347647196e-12
-3.4060282388e-18
-6.7095908957e-18
-2.4100504932e-12
-4.1366498281e-18
-7.3877174615e-18
-1.7055613829e-12
-2.9733828172e-18
-4.5179239133e-18
3.5543611711e-19
3.1475460074e-19
-5.2402621098e-19
4.6220969418e-04
-5.4303996857e-19
-5.5061806821e-21
5.8715330784e-20
-2.8135029352e-19
4.3366854445e-04
-2.1388919406e-19
-5.0244040141e-20
-3.2924451798e-20
4.3321882797e-20
-2.3683037267e-19
-5.2679409361e-16
-8.2249303828e-20
-9.9662657026e-20
-4.2183262423e-19
-1.4001695795e-13
-3.9392750225e-19
-4.6356236674e-19
-4.6859198568e-19
-1.6120975440e-19
4.1488573430e-19
1.8042488793e-05
2.9581020005e-20
2.2808277545e-20
-1.1170353405e-19
-2.4296801429e-20
-9.4481539693e-20
-3.1585254672e-14
5.5009348776e-20
5.7072093483e-20
-5.6139686493e-15
-2.5856359219e-13
-7.0096377456e-14
-1.8597638999e-13
1.8604997748e-17
-4.8790373239e-17
-2.4863112981e-17
2.1987614377e-17
-5.8154986495e-17
-2.9484454571e-17
1.5236039585e-17
-4.0847570586e-17
-1.9837339229e-17
5.3886158660e-19
-2.1258240990e-19
-7.1172756540e-15
-5.4303996857e-19
4.6220969416e-04
4.4868207636e-19
-3.9296724016e-19
-3.7155015512e-15
1.7835890203e-20
4.3366854444e-04
3.8557883586e-20
-1.1016893191e-19
-3.0271014815e-19
1.1912435149e-19
-4.5477684624e-20
-4.1675365837e-16
-7.9023951657e-20
-1.0085040262e-14
1.6547834202e-18
-3.2955558578e-18
-2.0014982806e-18
-3.6909440748e-20
4.5567937383e-19
2.1890446440e-15
1.7731131293e-19
1.8042488810e-05
2.1444580710e-19
-5.9806290638e-20
-5.5549615282e-20
-1.5994082885e-19
2.6055837074e-20
-2.4970150869e-14
6.8658029499e-20
2.6885998410e-16
-6.8008328704e-17
-1.2834431080e-17
-4.0942333089e-17
3.3684415380e-17
4.9910902546e-17
4.9368727673e-17
3.8329136333e-17
5.9962167606e-17
5.6809018942e-17
2.4081484519e-17
4.0459159535e-17
3.9888753505e-17
4.3366854444e-04
8.4088141054e-19
-4.8877817157e-19
-5.5061806821e-21
4.4868207636e-19
9.3444885878e-04
2.3574970521e-18
-2.2529126776e-18
-1.9143611223e-19
3.3746201673e-19
1.6744305412e-19
3.8148443660e-15
-2.6525987583e-19
2.3796537940e-20
-5.6223770313e-20
-2.4934468443e-20
-7.0498835294e-21
8.7633033854e-19
1.0779605354e-18
3.7004323292e-18
3.1711055580e-18
1.4654163840e-04
-4.4982418932e-19
-6.1266947397e-20
-2.4739966368e-19
7.2777830540e-19
-4.7748615109e-19
-8.3138787875e-14
-1.0413611237e-18
8.6584205928e-20
-2.9484630236e-20
-5.9780815508e-19
-8.3482906776e-19
3.1443420582e-16
3.4682085860e-17
2.5242789645e-17
2.4861289808e-17
3.2051138020e-17
-2.0874958171e-12
-1.1114209388e-16
3.7501058011e-17
-2.4292932421e-12
-1.2855252168e-16
2.4974704742e-17
-1.7190403254e-12
-8.3356206862e-17
7.6196812248e-19
4.3366854444e-04
-3.1967608275e-19
5.8715330784e-20
-3.9296724016e-19
2.3574970521e-18
9.3444885877e-04
-1.3979564521e-18
-9.5500275890e-19
2.2805236614e-19
-2.3205766585e-19
-6.2884023097e-20
4.8259837886e-15
-1.6672324433e-19
4.5839394029e-20
1.2095115454e-19
-2.8766059689e-20
-1.8787109732e-18
1.8481974719e-18
-1.5601663392e-13
-7.2747101896e-18
-2.2748456884e-21
1.4654163836e-04
1.2973354251e-18
1.3790625548e-19
7.4176339740e-19
1.6327997361e-19
1.3208527486e-19
-1.0516355962e-13
-4.9613734061e-20
-6.6805807330e-20
4.8978257238e-19
-8.4924502950e-20
4.6351941269e-14
-1.8658479088e-12
-5.7915957779e-13
-1.1946193548e-12
2.7358252431e-20
2.3898211708e-17
-2.4103314168e-12
-1.2378563488e-19
2.4457891440e-17
-2.8049847243e-12
5.9100580275e-21
1.2171916151e-17
-1.9848981477e-12
-6.7872515509e-19
-7.2177943348e-19
4.3366854445e-04
-2.8135029352e-19
-3.7155015512e-15
-2.2529126776e-18
-1.3979564521e-18
9.3444885877e-04
-1.6813252225e-19
-2.8525257462e-15
-2.1902917355e-19
-3.1033105733e-19
-3.9485650926e-19
5.1183210032e-15
1.7667667616e-22
2.0973970592e-19
-4.9826655457e-20
-8.9712485840e-14
-6.7608787359e-20
8.9129501021e-19
-1.8014402190e-13
-1.6576844491e-19
-1.2835699568e-18
1.4654163832e-04
-7.8827208570e-21
1.1105877240e-14
3.6544236297e-19
5.2464649082e-19
1.6457460831e-19
-1.1154250349e-13
-2.9549153490e-20
4.5409740654e-19
1.6141050807e-19
5.9785274541e-17
-1.6562470236e-17
-1.7680372657e-18
-6.0511100838e-18
-2.0875596343e-12
7.8720357619e-18
7.4794407394e-18
-2.4293651786e-12
9.2214143180e-18
9.1522296455e-18
-1.7190863772e-12
6.3879823674e-18
6.7038626571e-18
1.1272787895e-19
-5.7318268399e-19
-2.3747596566e-19
4.3366854445e-04
1.7835890203e-20
-1.9143611223e-19
-9.5500275890e-19
-1.6813252225e-19
9.3444885877e-04
1.3268669627e-19
1.3861109890e-21
2.1133345087e-21
6.9194853595e-20
-2.6097395693e-19
4.8257729906e-15
-1.5634148617e-19
-1.0208789624e-19
-6.5317206788e-19
-1.5602068432e-13
1.5995781720e-19
4.7799934025e-19
-1.5525302688e-18
-3.4495922463e-19
1.0776823698e-18
1.4654163833e-04
3.0602058919e-19
1.3775820323e-19
-1.4717112789e-19
-1.3658817267e-19
-1.0228987461e-19
-1.0516325944e-13
1.3961002555e-19
-5.7792027860e-20
2.2158960878e-14
-8.9721001884e-13
-2.7872802094e-13
-5.7410726557e-13
-3.9236715776e-17
4.7401127213e-17
-8.6085949995e-17
-4.5828664220e-17
5.6077582426e-17
-9.8159547444e-17
-3.1100015812e-17
3.7128161901e-17
-6.1092258110e-17
-2.7742066587e-20
1.0984509045e-19
-3.7164163468e-15
-2.1388919406e-19
4.3366854444e-04
3.3746201673e-19
2.2805236614e-19
-2.8525257462e-15
1.3268669627e-19
9.3444885878e-04
-4.5643694400e-20
1.5592072132e-19
-4.9767299976e-19
2.7806502697e-19
-3.0015309348e-20
3.8145089088e-15
-2.4191388236e-20
-4.3159944455e-14
-2.0282382854e-18
3.4732074081e-18
-5.7839898015e-18
4.4603721932e-19
6.7235093499e-19
1.1105144186e-14
5.5976730939e-19
1.4654163840e-04
2.1893499513e-19
-2.3342958391e-19
-3.1960834795e-19
-1.6664784744e-19
4.1450327026e-21
-8.3138420779e-14
4.4699133732e-21
1.7412450412e-17
-6.3838509195e-17
-1.9489345857e-17
-3.6225427397e-17
-4.5869426636e-17
5.3528540636e-13
-1.7127461827e-17
-5.3247316681e-17
6.5040208161e-13
-1.9790104604e-17
-3.5544601699e-17
4.7643546768e-13
-1.3965647652e-17
1.0606760411e-19
-1.2776121767e-19
-1.6956703161e-19
-5.0244040141e-20
3.8557883586e-20
1.6744305412e-19
-2.3205766585e-19
-2.1902917355e-19
1.3861109890e-21
-4.5643694400e-20
1.0068454955e-04
1.3903387470e-19
-3.8894227877e-16
2.2892790859e-19
-1.5515028931e-19
3.4423961144e-19
5.4228177754e-20
-1.1219636008e-18
-2.9874934716e-18
4.1568054484e-14
-1.2221466655e-18
5.4568278868e-20
-7.5106148461e-20
4.0108967647e-21
5.3955035214e-20
-2.3231929737e-21
1.1696178751e-05
-1.1602696452e-19
5.9514101933e-17
-7.9736291936e-20
3.8818610153e-20
-9.2285105479e-20
-1.5433899450e-20
1.9014098643e-17
4.8899001205e-17
1.7235098669e-17
2.8476318314e-17
4.9517485869e-17
3.4305436961e-17
-6.4238923363e-17
5.7825442267e-17
4.0035267402e-17
-7.4300518709e-17
3.8291164573e-17
2.6891443961e-17
-4.9034813448e-17
-4.1648694227e-16
-5.0859427153e-20
-3.4108950256e-19
-3.2924451798e-20
-1.1016893191e-19
3.8148443660e-15
-6.2884023097e-20
-3.1033105733e-19
2.1133345087e-21
1.5592072132e-19
1.3903387470e-19
1.0068454955e-04
2.0153489582e-19
-1.0843778687e-19
1.6374187661e-19
-2.5648993339e-19
-1.5503131180e-19
6.1652769993e-19
3.3335615155e-18
2.4148244206e-18
-4.2016079905e-18
8.6849229033e-15
-1.5267454415e-20
-5.8029618520e-20
1.2854446628e-20
5.7665968906e-21
-9.2748086804e-20
1.1696178751e-05
3.1397751906e-20
3.0365739205e-20
-1.7431311469e-21
2.9343526136e-20
2.5771543681e-20
4.0127373766e-17
-6.7737405980e-17
-2.0450163007e-17
-3.9434486372e-17
-3.2507273467e-17
1.1329577996e-12
5.9033061308e-17
-3.8116730410e-17
1.3766246690e-12
6.9273561946e-17
-2.5570327042e-17
1.0084221428e-12
4.7080012555e-17
-1.6659215359e-19
-5.2666683650e-16
-1.8653769829e-19
4.3321882797e-20
-3.0271014815e-19
-2.6525987583e-19
4.8259837886e-15
-3.9485650926e-19
6.9194853595e-20
-4.9767299976e-19
-3.8894227877e-16
2.0153489582e-19
1.0068454955e-04
-5.8748967736e-20
2.8422557950e-20
-9.9521782673e-20
-5.4213343937e-21
-8.9017871163e-19
-2.1925939647e-18
8.7985333131e-14
4.1534267435e-18
-6.4526036225e-20
1.0985682468e-14
1.8558074344e-20
-2.9688651670e-20
-3.1382302379e-20
5.9542583431e-17
-5.7120241589e-20
1.1696178751e-05
3.1559637804e-20
-8.9730936617e-21
-1.3344157182e-19
2.8510612344e-21
-1.4552896870e-17
-7.4554261765e-18
-3.4034534629e-18
-3.2123205602e-18
-5.3049878320e-17
-5.8015798665e-17
1.2183979149e-12
-6.0166071004e-17
-6.8583935812e-17
1.4803573294e-12
-3.9435564176e-17
-4.7187495251e-17
1.0845444101e-12
3.7994660327e-20
-1.5716917371e-20
-5.5889988006e-16
-2.3683037267e-19
1.1912435149e-19
2.3796537940e-20
-1.6672324433e-19
5.1183210032e-15
-2.6097395693e-19
2.7806502697e-19
2.2892790859e-19
-1.0843778687e-19
-5.8748967736e-20
1.0068454955e-04
3.3377292276e-20
-7.3875672208e-16
4.4406079830e-20
-2.1110419051e-19
-3.3339067876e-18
-3.9499941450e-18
9.4635922884e-14
6.8486046022e-20
4.6749392535e-20
1.1652002861e-14
-1.0994920480e-19
-8.1390472349e-21
-2.8152185706e-20
-4.0952390383e-21
3.1531929442e-20
1.1696178750e-05
2.7958875660e-20
1.7460481209e-16
-1.0440900812e-20
4.1751666858e-17
-6.2777651426e-17
-1.7489167838e-17
-3.8553587473e-17
8.5654954978e-13
1.4733960390e-18
-1.2912246881e-20
1.0406661937e-12
1.7171404686e-18
1.9298466464e-19
7.6248518422e-13
1.1554505872e-18
7.1451883436e-19
-6.5329601812e-20
4.7662666869e-20
-1.9678085824e-20
-5.2679409361e-16
-4.5477684624e-20
-5.6223770313e-20
4.5839394029e-20
1.7667667616e-22
4.8257729906e-15
-3.0015309348e-20
-1.5515028931e-19
1.6374187661e-19
2.8422557950e-20
3.3377292276e-20
1.0068454955e-04
-3.4758584450e-20
-3.8672982969e-16
-1.1130170899e-18
6.6538219173e-14
8.4657723944e-20
1.0770489435e-19
3.4650994165e-21
1.2959009271e-20
6.0032903084e-21
1.0985657565e-14
-7.7027230207e-21
1.2512918315e-20
-6.0319230269e-20
-7.2738461203e-20
1.2861700212e-20
1.1696178750e-05
4.5578971361e-20
6.3742919093e-17
-9.2513884454e-17
1.0847185954e-17
-1.4693424154e-18
7.6473786399e-18
-4.9277536372e-17
2.7834314829e-17
4.3700926179e-13
-5.8356840212e-17
3.2317528276e-17
5.3092289707e-13
-3.9748524246e-17
2.1867563658e-17
3.8902543702e-13
-5.7671574463e-20
-9.4244607938e-21
1.4430215816e-20
-8.2249303828e-20
-4.1675365837e-16
-2.4934468443e-20
1.2095115454e-19
2.0973970592e-19
-1.5634148617e-19
3.8145089088e-15
3.4423961144e-19
-2.5648993339e-19
-9.9521782673e-20
-7.3875672208e-16
-3.4758584450e-20
1.0068454955e-04
1.5352787650e-20
2.2539895362e-19
-3.3615273337e-18
1.7113401328e-18
3.3948632858e-14
-2.7966867439e-20
-9.5783235417e-20
-8.6293788091e-20
-4.4203765945e-20
8.6848490336e-15
2.1172849833e-20
3.3744138741e-20
1.4743743430e-20
1.7458914198e-16
3.3348379618e-20
1.1696178751e-05
1.9031896736e-20
2.7199240769e-16
-4.9840249172e-18
1.1450564592e-17
-1.7995932640e-18
5.3510664503e-13
5.3903808982e-18
2.9253454327e-18
6.5021669518e-13
7.2891662893e-18
5.1759448895e-18
4.7628031963e-13
5.7659474803e-18
5.2889947500e-18
-2.9288862761e-21
1.1741658681e-20
-5.4023909582e-20
-9.9662657026e-20
-7.9023951657e-20
-7.0498835294e-21
-2.8766059689e-20
-4.9826655457e-20
-1.0208789624e-19
-2.4191388236e-20
5.4228177754e-20
-1.5503131180e-19
-5.4213343937e-21
4.4406079830e-20
-3.8672982969e-16
1.5352787650e-20
1.0068454955e-04
-3.1616797755e-19
4.1552598370e-14
4.8261950302e-19
5.5125747975e-19
4.9135311004e-20
-1.0478517473e-21
-9.2636368916e-21
-4.7229084066e-20
-6.7195572716e-20
-5.1624658507e-21
3.0617256773e-20
-1.5876121395e-20
-2.6435027384e-20
6.3846257086e-17
4.5983158944e-21
1.1696178751e-05
-8.2537927331e-04
5.4554886112e-03
1.6735569821e-03
3.3333544878e-03
-6.2441661516e-18
3.1231233885e-17
-7.1433138536e-11
-2.5069862406e-18
3.7065233842e-17
-8.6455722765e-11
-3.4896101481e-18
2.4562427664e-17
-6.2215934694e-11
1.1051915743e-18
-8.4848456059e-19
-2.0923139473e-14
-4.2183262423e-19
-1.0085040262e-14
8.7633033854e-19
-1.8787109732e-18
-8.9712485840e-14
-6.5317206788e-19
-4.3159944455e-14
-1.1219636008e-18
6.1652769993e-19
-8.9017871163e-19
-2.1110419051e-19
-1.1130170899e-18
2.2539895362e-19
-3.1616797755e-19
1.2291202027e-04
-8.9350046066e-20
2.3761299927e-18
-5.1648437239e-12
-2.1570018633e-18
-2.0377993657e-18
-2.8951677437e-13
-7.9924815580e-19
-1.3923217923e-13
9.8079477460e-19
-5.1787451732e-20
8.7166218628e-20
5.0009977584e-19
9.7244600737e-19
-2.9290025366e-19
5.1651264275e-19
1.4950494153e-16
4.5282059856e-18
7.7870900190e-18
6.5373285752e-18
1.0865075552e-02
-1.7004831763e-16
-7.5128586977e-17
1.3156447133e-02
-2.1474672132e-16
-1.1575379826e-16
9.2905078461e-03
-1.4664602628e-16
-5.9271689645e-17
2.2319982064e-18
-1.7600978360e-18
5.6597352454e-19
-1.4001695795e-13
1.6547834202e-18
1.0779605354e-18
1.8481974719e-18
-6.7608787359e-20
-1.5602068432e-13
-2.0282382854e-18
-2.9874934716e-18
3.3335615155e-18
-2.1925939647e-18
-3.3339067876e-18
6.6538219173e-14
-3.3615273337e-18
4.1552598370e-14
-8.9350046066e-20
7.6253641172e-04
-1.5217443324e-17
-2.6435721905e-17
-2.1991386843e-18
-1.8358490274e-18
-2.2014693891e-19
-2.3806086875e-12
2.5849574554e-18
1.7074773562e-18
-5.3077138130e-18
3.8390029836e-18
1.6883193101e-18
-3.2822357187e-13
1.8974597973e-18
-2.0484343705e-13
-1.5942716056e-16
4.0610587169e-18
-8.4432895701e-18
2.9052899144e-18
-3.9622678046e-17
1.0865075576e-02
-1.9660138825e-15
-4.7155620293e-17
1.3156447162e-02
-2.3516562185e-15
-2.7038896786e-17
9.2905078670e-03
-1.6636519156e-15
-6.9245383580e-18
-1.4001671795e-13
-5.1833338188e-19
-3.9392750225e-19
-3.2955558578e-18
3.7004323292e-18
-1.5601663392e-13
8.9129501021e-19
1.5995781720e-19
3.4732074081e-18
4.1568054484e-14
2.4148244206e-18
8.7985333131e-14
-3.9499941450e-18
8.4657723944e-20
1.7113401328e-18
4.8261950302e-19
2.3761299927e-18
-1.5217443324e-17
7.6253641511e-04
-1.3329455443e-16
-1.9047687890e-19
-2.3806121805e-12
3.3042429224e-19
-2.1446122263e-18
-2.7663881952e-18
-2.0487734234e-13
-2.2694688659e-18
-4.3390088806e-13
7.5376093137e-18
-5.6840503892e-19
-6.0288597096e-18
-2.9916542840e-18
3.6301497474e-13
1.0521429148e-12
3.4707064894e-13
9.0945012846e-13
-2.8940615005e-16
1.1038227358e-16
1.0865075522e-02
-3.4257780496e-16
1.3265310473e-16
1.3156447097e-02
-2.3330619761e-16
9.8332480450e-17
9.2905078190e-03
-1.8245417867e-18
6.6266906862e-19
-1.6167915513e-13
-4.6356236674e-19
-2.0014982806e-18
3.1711055580e-18
-7.2747101896e-18
-1.8014402190e-13
4.7799934025e-19
-5.7839898015e-18
-1.2221466655e-18
-4.2016079905e-18
4.1534267435e-18
9.4635922884e-14
1.0770489435e-19
3.3948632858e-14
5.5125747975e-19
-5.1648437239e-12
-2.6435721905e-17
-1.3329455443e-16
7.6253640731e-04
-1.2547589803e-17
3.6710632198e-18
-2.7489079869e-12
-9.8234078235e-19
5.0417705954e-18
-4.3858880638e-18
4.9582150947e-18
-2.9172556554e-18
-4.6675297694e-13
-1.9023348940e-19
-1.6735498934e-13
-1.8975569271e-18
1.0838049866e-16
-1.5837735962e-16
-4.4468095001e-17
-9.7440954847e-17
-3.1019171774e-17
-5.1188660855e-18
-1.8055168027e-16
-3.5263294612e-17
-5.8583253808e-18
-2.1252046570e-16
-2.2473756035e-17
-2.7697536782e-18
-1.4730346205e-16
1.8042488810e-05
-1.8476656128e-19
-3.4783173993e-20
-4.6859198568e-19
-3.6909440748e-20
1.4654163840e-04
-2.2748456884e-21
-1.6576844491e-19
-1.5525302688e-18
4.4603721932e-19
5.4568278868e-20
8.6849229033e-15
-6.4526036225e-20
6.8486046022e-20
3.4650994165e-21
-2.7966867439e-20
4.9135311004e-20
-2.1570018633e-18
-2.1991386843e-18
-1.9047687890e-19
-1.2547589803e-17
1.1161685500e-04
-6.6592190660e-20
1.0152082122e-19
-7.2591069878e-19
2.8356488149e-19
-6.1143999732e-20
-3.8061164267e-14
-2.7783646208e-19
7.2132132427e-20
9.8817682100e-21
-9.5326048033e-20
-6.3767793413e-20
7.7292355079e-17
-5.4860205935e-17
-1.2229009377e-17
-3.5125351974e-17
-2.5645215386e-17
-3.2408474861e-11
5.7363682006e-17
-3.0213879499e-17
-3.9160611157e-11
6.5803887689e-17
-2.0911428516e-17
-2.8181145682e-11
4.3097065202e-17
-4.7915576598e-19
1.8042488800e-05
-2.0573801841e-19
-1.6120975440e-19
4.5567937383e-19
-4.4982418932e-19
1.4654163836e-04
-1.2835699568e-18
-3.4495922463e-19
6.7235093499e-19
-7.5106148461e-20
-1.5267454415e-20
1.0985682468e-14
4.6749392535e-20
1.2959009271e-20
-9.5783235417e-20
-1.0478517473e-21
-2.0377993657e-18
-1.8358490274e-18
-2.3806121805e-12
3.6710632198e-18
-6.6592190660e-20
1.1161685496e-04
-2.4277981195e-19
-4.7830485212e-20
6.7813619572e-19
-1.9531294741e-20
-2.5380127947e-20
-4.8144108311e-14
3.5470730002e-20
-1.9013701593e-20
5.7622173250e-20
2.4685678377e-20
4.3077698949e-14
-1.4557146411e-11
-4.2850479127e-12
-9.6063759586e-12
-1.9808522789e-18
8.9538346564e-18
-3.7422285357e-11
-2.6465855675e-18
8.7249469096e-18
-4.5219021903e-11
-2.4196487313e-18
4.4637996257e-18
-3.2540953812e-11
-1.4574910482e-19
3.1423212272e-19
1.8042488792e-05
4.1488573430e-19
2.1890446440e-15
-6.1266947397e-20
1.2973354251e-18
1.4654163832e-04
1.0776823698e-18
1.1105144186e-14
4.0108967647e-21
-5.8029618520e-20
1.8558074344e-20
1.1652002861e-14
6.0032903084e-21
-8.6293788091e-20
-9.2636368916e-21
-2.8951677437e-13
-2.2014693891e-19
3.3042429224e-19
-2.7489079869e-12
1.0152082122e-19
-2.4277981195e-19
1.1161685491e-04
2.4616903727e-19
1.6125615884e-14
2.0307567304e-20
3.7517267336e-20
3.4807725119e-20
-5.1064495606e-14
-8.2065879240e-21
2.9846957829e-20
4.5866207691e-20
-1.5535227030e-16
-5.0896250136e-17
-2.4495538531e-17
-2.7755879731e-17
-3.2408423856e-11
-3.1857465646e-17
-1.9375291162e-17
-3.9160554089e-11
-3.6327398611e-17
-2.0518837430e-17
-2.8181108464e-11
-2.3421753423e-17
-1.1306177370e-17
-1.3951533089e-19
1.6451290152e-19
9.4501988282e-21
1.8042488793e-05
1.7731131293e-19
-2.4739966368e-19
1.3790625548e-19
-7.8827208570e-21
1.4654163833e-04
5.5976730939e-19
5.3955035214e-20
1.2854446628e-20
-2.9688651670e-20
-1.0994920480e-19
1.0985657565e-14
-4.4203765945e-20
-4.7229084066e-20
-7.9924815580e-19
-2.3806086875e-12
-2.1446122263e-18
-9.8234078235e-19
-7.2591069878e-19
-4.7830485212e-20
2.4616903727e-19
1.1161685492e-04
3.4610274060e-19
8.5844117191e-20
-3.5028110742e-20
-1.2395948923e-19
-1.0553489353e-19
-4.8144059626e-14
3.4482847560e-20
-1.5589801347e-19
2.0499630203e-14
-7.0061262766e-12
-2.0624861186e-12
-4.6224915762e-12
3.7865788898e-17
-4.1779912202e-17
7.6185175386e-17
4.2978036139e-17
-4.9064433635e-17
8.9641603956e-17
2.7753234475e-17
-3.3309994906e-17
6.1134192131e-17
4.2662824151e-19
1.5409231249e-20
2.1893839865e-15
2.9581020005e-20
1.8042488810e-05
7.2777830540e-19
7.4176339740e-19
1.1105877240e-14
3.0602058919e-19
1.4654163840e-04
-2.3231929737e-21
5.7665968906e-21
-3.1382302379e-20
-8.1390472349e-21
-7.7027230207e-21
8.6848490336e-15
-6.7195572716e-20
-1.3923217923e-13
2.5849574554e-18
-2.7663881952e-18
5.0417705954e-18
2.8356488149e-19
6.7813619572e-19
1.6125615884e-14
3.4610274060e-19
1.1161685500e-04
9.2761768196e-20
-7.4934596675e-20
-4.2176967276e-20
-3.8969875229e-20
-4.6486775180e-20
-3.8061223815e-14
-2.0033930570e-19
-1.5915097255e-16
6.1114076304e-17
1.1022003036e-17
3.8557871734e-17
2.4435340041e-17
-2.8660841252e-12
-6.5428768566e-17
2.8597243464e-17
-3.4412296221e-12
-7.6780045973e-17
1.9912852434e-17
-2.4285088223e-12
-5.1601010894e-17
-3.3792684441e-19
7.6084785804e-20
4.2882976889e-19
2.2808277545e-20
2.1444580710e-19
-4.7748615109e-19
1.6327997361e-19
3.6544236297e-19
1.3775820323e-19
2.1893499513e-19
1.1696178751e-05
-9.2748086804e-20
5.9542583431e-17
-2.8152185706e-20
1.2512918315e-20
2.1172849833e-20
-5.1624658507e-21
9.8079477460e-19
1.7074773562e-18
-2.0487734234e-13
-4.3858880638e-18
-6.1143999732e-20
-1.9531294741e-20
2.0307567304e-20
8.5844117191e-20
9.2761768196e-20
6.3328335774e-05
4.6455281433e-20
1.3793941128e-15
3.7700447651e-20
5.1466788954e-20
-1.7589604011e-20
-2.0868323877e-20
-5.1761589878e-17
-3.3864452079e-18
-4.2788384857e-18
-3.1058702974e-19
-8.4861270908e-17
-3.3436448712e-17
7.6118715327e-17
-9.7063880058e-17
-3.9164040626e-17
8.8421669977e-17
-6.2927106573e-17
-2.6789149539e-17
5.8678606981e-17
-2.4970362081e-14
1.1594019879e-19
4.5380759626e-19
-1.1170353405e-19
-5.9806290638e-20
-8.3138787875e-14
1.3208527486e-19
5.2464649082e-19
-1.4717112789e-19
-2.3342958391e-19
-1.1602696452e-19
1.1696178751e-05
-5.7120241589e-20
-4.0952390383e-21
-6.0319230269e-20
3.3744138741e-20
3.0617256773e-20
-5.1787451732e-20
-5.3077138130e-18
-2.2694688659e-18
4.9582150947e-18
-3.8061164267e-14
-2.5380127947e-20
3.7517267336e-20
-3.5028110742e-20
-7.4934596675e-20
4.6455281433e-20
6.3328335766e-05
2.1001743404e-19
-2.2848320546e-20
-4.6671209531e-20
-1.8260945246e-19
9.6016742547e-20
-8.5308957290e-17
-2.6590184405e-18
-5.6648466668e-18
-2.0784660698e-18
6.4307704319e-17
-6.0706908210e-12
-3.9897696210e-17
7.2343652702e-17
-7.2889233458e-12
-4.8299966555e-17
4.5543334425e-17
-5.1437191568e-12
-3.5258836707e-17
-5.1585475455e-19
-3.1585436895e-14
1.1784125783e-19
-2.4296801429e-20
-5.5549615282e-20
-1.0413611237e-18
-1.0516355962e-13
1.6457460831e-19
-1.3658817267e-19
-3.1960834795e-19
5.9514101933e-17
3.1397751906e-20
1.1696178751e-05
3.1531929442e-20
-7.2738461203e-20
1.4743743430e-20
-1.5876121395e-20
8.7166218628e-20
3.8390029836e-18
-4.3390088806e-13
-2.9172556554e-18
-2.7783646208e-19
-4.8144108311e-14
3.4807725119e-20
-1.2395948923e-19
-4.2176967276e-20
1.3793941128e-15
2.1001743404e-19
6.3328335764e-05
5.2829071574e-21
-4.4303909071e-20
-4.8262120123e-20
-1.1129769972e-20
2.5460302555e-17
3.7164895536e-17
1.2941135639e-17
2.2884107094e-17
3.4588682070e-17
1.0744024709e-16
-6.5319617304e-12
3.6153140644e-17
1.2779068380e-16
-7.8429813694e-12
1.9899406188e-17
8.8440550334e-17
-5.5343997418e-12
1.1521219551e-19
1.0238430535e-20
-3.3501212492e-14
-9.4481539693e-20
-1.5994082885e-19
8.6584205928e-20
-4.9613734061e-20
-1.1154250349e-13
-1.0228987461e-19
-1.6664784744e-19
-7.9736291936e-20
3.0365739205e-20
3.1559637804e-20
1.1696178750e-05
1.2861700212e-20
1.7458914198e-16
-2.6435027384e-20
5.0009977584e-19
1.6883193101e-18
7.5376093137e-18
-4.6675297694e-13
7.2132132427e-20
3.5470730002e-20
-5.1064495606e-14
-1.0553489353e-19
-3.8969875229e-20
3.7700447651e-20
-2.2848320546e-20
5.2829071574e-21
6.3328335759e-05
1.4016856114e-19
2.9214408732e-15
1.9150837710e-20
-3.0633268013e-16
4.9381531608e-17
9.3984170338e-19
2.9304001632e-17
-4.5942191351e-12
-7.6103068873e-18
-1.9821178221e-19
-5.5164259954e-12
-9.3493852236e-18
-1.1961852905e-18
-3.8924917884e-12
-6.9404353902e-18
-2.1223457178e-18
4.7782575582e-20
-6.2311844673e-20
-1.1891377606e-20
-3.1585254672e-14
2.6055837074e-20
-2.9484630236e-20
-6.6805807330e-20
-2.9549153490e-20
-1.0516325944e-13
4.1450327026e-21
3.8818610153e-20
-1.7431311469e-21
-8.9730936617e-21
2.7958875660e-20
1.1696178750e-05
3.3348379618e-20
6.3846257086e-17
9.7244600737e-19
-3.2822357187e-13
-5.6840503892e-19
-1.9023348940e-19
9.8817682100e-21
-1.9013701593e-20
-8.2065879240e-21
-4.8144059626e-14
-4.6486775180e-20
5.1466788954e-20
-4.6671209531e-20
-4.4303909071e-20
1.4016856114e-19
6.3328335759e-05
5.3999414147e-20
1.4022542344e-15
6.8826461002e-17
-1.4498663132e-17
-2.8090274172e-18
-6.6237102645e-18
2.7094889077e-17
-8.0567870216e-17
-2.3424124523e-12
3.2455771826e-17
-9.7814600664e-17
-2.8126460258e-12
2.2714229775e-17
-7.0065662549e-17
-1.9846762343e-12
-4.2773316208e-19
2.1913913850e-19
3.3853626268e-19
5.5009348776e-20
-2.4970150869e-14
-5.9780815508e-19
4.8978257238e-19
4.5409740654e-19
1.3961002555e-19
-8.3138420779e-14
-9.2285105479e-20
2.9343526136e-20
-1.3344157182e-19
1.7460481209e-16
4.5578971361e-20
1.1696178751e-05
4.5983158944e-21
-2.9290025366e-19
1.8974597973e-18
-6.0288597096e-18
-1.6735498934e-13
-9.5326048033e-20
5.7622173250e-20
2.9846957829e-20
3.4482847560e-20
-3.8061223815e-14
-1.7589604011e-20
-1.8260945246e-19
-4.8262120123e-20
2.9214408732e-15
5.3999414147e-20
6.3328335766e-05
5.4729909902e-20
-1.1908147196e-16
2.5384417727e-17
2.5967119252e-18
1.4711618107e-17
-2.8652035926e-12
-3.4113238982e-17
-1.0959675666e-17
-3.4401238703e-12
-4.4830916075e-17
-2.1828812402e-17
-2.4278101659e-12
-3.7048523729e-17
-2.6528288477e-17
-4.2833380945e-19
-5.0664950812e-20
7.8889487184e-20
5.7072093483e-20
6.8658029499e-20
-8.3482906776e-19
-8.4924502950e-20
1.6141050807e-19
-5.7792027860e-20
4.4699133732e-21
-1.5433899450e-20
2.5771543681e-20
2.8510612344e-21
-1.0440900812e-20
6.3742919093e-17
1.9031896736e-20
1.1696178751e-05
5.1651264275e-19
-2.0484343705e-13
-2.9916542840e-18
-1.8975569271e-18
-6.3767793413e-20
2.4685678377e-20
4.5866207691e-20
-1.5589801347e-19
-2.0033930570e-19
-2.0868323877e-20
9.6016742547e-20
-1.1129769972e-20
1.9150837710e-20
1.4022542344e-15
5.4729909902e-20
6.3328335774e-05