1.2806699365e-01
1.6882144185e-01
1.0573350730e-01
1.1884927402e-17
-2.5948481653e-17
9.8101580234e-18
-1.6489676998e-16
1.4436155850e-17
-6.6195889765e-17
-2.5554642159e-17
1.3497794290e-17
1.9349872737e-12
-5.1016697404e-19
3.7241352379e-13
2.3784898788e-03
1.9707780416e-17
3.8866010265e-17
6.9985772688e-17
1.6521974492e-17
2.9033970429e-17
-4.4283403737e-11
-1.8020533986e-19
-8.5223163610e-12
1.6882144185e-01
2.2739562784e-01
1.4380886207e-01
1.6101603271e-17
-3.4120265853e-17
1.2900730356e-17
-2.1939041528e-16
2.0010633728e-17
-8.8718913942e-17
-3.3751310537e-17
1.7175637394e-17
2.6622743458e-12
-6.6435811464e-19
5.1238885523e-13
3.2199486706e-03
2.5514004584e-17
4.9930074350e-17
9.5279930812e-17
2.4296280708e-17
3.9847265782e-17
-6.0141275743e-11
-2.6667730514e-19
-1.1574155549e-11
1.0573350730e-01
1.4380886207e-01
9.3529006940e-02
1.1090931299e-17
-2.1130279683e-17
9.0435253226e-18
-1.3668739964e-16
1.3420123886e-17
-5.3505867759e-17
-2.0914619271e-17
1.0313773939e-17
1.7637343373e-12
-4.2209661265e-19
3.3945246535e-13
1.9987581284e-03
1.5031108241e-17
2.9349624326e-17
6.1940558379e-17
1.7196291986e-17
2.5445160805e-17
-3.8911295088e-11
-1.7333907482e-19
-7.4884579042e-12
1.1884927402e-17
1.6101603271e-17
1.1090931299e-17
1.5733216630e-04
5.0939410153e-22
-5.1723249393e-20
1.8183066221e-04
1.6778436889e-19
-4.9947059993e-19
-2.8276978140e-20
6.0426503398e-20
3.6958582449e-20
3.7116782652e-20
-6.8138447956e-20
2.9128561817e-19
1.1719285293e-05
-2.3548077918e-19
6.6770068761e-20
5.9748357257e-20
-2.0819528452e-20
3.3555884640e-20
-3.6503169796e-20
-5.1792757897e-20
-2.5948481653e-17
-3.4120265853e-17
-2.1130279683e-17
5.0939410153e-22
1.5733216630e-04
1.0080359548e-19
-3.9047511326e-19
1.8183066222e-04
-9.8830573109e-20
-1.2696835997e-20
-8.0942158172e-21
-2.4139859762e-21
-9.8343344053e-20
3.5004801144e-20
-6.1043225057e-19
-3.4727860580e-20
1.1719285301e-05
-2.2251606626e-19
-1.2180843616e-19
-3.6853952907e-20
-3.3984224158e-22
3.5052535731e-21
-1.4835222851e-20
9.8101580234e-18
1.2900730356e-17
9.0435253226e-18
-5.1723249393e-20
1.0080359548e-19
1.5733216630e-04
-4.5414040991e-19
2.0545294361e-19
1.8183066216e-04
1.5734007882e-19
-1.0625806194e-19
-7.0618190493e-21
-2.1738622871e-20
3.2246649063e-20
-8.8545452945e-20
4.9338170081e-19
6.8324580745e-21
1.1719285263e-05
-6.4189120314e-20
-5.6289775346e-21
-1.6727814849e-20
-5.0707314500e-20
-2.6575056869e-21
-1.6489676998e-16
-2.1939041528e-16
-1.3668739964e-16
1.8183066221e-04
-3.9047511326e-19
-4.5414040991e-19
4.9046430563e-04
-2.0682230169e-19
-1.3487026603e-18
-2.9785082788e-20
6.6287910240e-20
8.8083758081e-20
4.0452823545e-20
-9.2383774884e-20
-2.7225967530e-18
5.8895970896e-05
-7.2495204167e-19
9.0537972284e-21
2.0809577350e-19
-1.3121798992e-19
1.1021310491e-19
-1.1810740288e-19
-1.8739790171e-19
1.4436155850e-17
2.0010633728e-17
1.3420123886e-17
1.6778436889e-19
1.8183066222e-04
2.0545294361e-19
-2.0682230169e-19
4.9046430570e-04
1.7290424467e-19
-1.6728635442e-20
1.5550145259e-20
-4.1154398044e-20
-1.3088829440e-19
2.9385979072e-20
-8.1464775589e-20
-3.1195505724e-19
5.8895970933e-05
-3.5854172471e-19
-3.7483325617e-19
-1.1161847676e-19
5.4151395492e-21
-6.8978797523e-20
-5.3470542838e-20
-6.6195889765e-17
-8.8718913942e-17
-5.3505867759e-17
-4.9947059993e-19
-9.8830573109e-20
1.8183066216e-04
-1.3487026603e-18
1.7290424467e-19
4.9046430535e-04
2.1160042870e-19
-9.2938936648e-20
-1.3533568430e-20
-1.0541109489e-19
7.7854784375e-20
-1.7030326985e-18
1.0100314365e-18
-4.7517341187e-20
5.8895970749e-05
-2.1455484761e-20
9.0055065132e-21
-5.1520065688e-20
-1.5744779561e-19
-4.4270134134e-21
-2.5554642159e-17
-3.3751310537e-17
-2.0914619271e-17
-2.8276978140e-20
-1.2696835997e-20
1.5734007882e-19
-2.9785082788e-20
-1.6728635442e-20
2.1160042870e-19
2.6872681415e-05
9.3003529741e-21
-1.7017633519e-20
2.3643621949e-21
1.0249172755e-20
-4.8495315509e-19
7.0526529801e-21
-3.9823512439e-21
2.7848733257e-20
8.3184629202e-06
-5.7637615753e-21
1.5993281612e-21
4.7455216320e-21
-1.6171432972e-21
1.3497794290e-17
1.7175637394e-17
1.0313773939e-17
6.0426503398e-20
-8.0942158172e-21
-1.0625806194e-19
6.6287910240e-20
1.5550145259e-20
-9.2938936648e-20
9.3003529741e-21
2.6872681411e-05
1.1679507094e-22
-1.4289271566e-20
-2.0292488572e-21
2.4140804651e-19
2.8721385108e-20
2.5298415908e-20
-1.6887488284e-20
1.8217670942e-21
8.3184629150e-06
-8.5700475131e-22
1.5414237733e-20
-2.7270164446e-21
1.9349872737e-12
2.6622743458e-12
1.7637343373e-12
3.6958582449e-20
-2.4139859762e-21
-7.0618190493e-21
8.8083758081e-20
-4.1154398044e-20
-1.3533568430e-20
-1.7017633519e-20
1.1679507094e-22
2.6872681410e-05
-1.2886846915e-20
4.9697075335e-16
3.6772485076e-14
2.0421457713e-21
-2.6767659416e-20
9.3126371582e-21
2.8756924343e-21
-3.2626042970e-21
8.3184629124e-06
3.6447775635e-21
7.5010545429e-16
-5.1016697404e-19
-6.6435811464e-19
-4.2209661265e-19
3.7116782652e-20
-9.8343344053e-20
-2.1738622871e-20
4.0452823545e-20
-1.3088829440e-19
-1.0541109489e-19
2.3643621949e-21
-1.4289271566e-20
-1.2886846915e-20
2.6872681411e-05
-7.9073118830e-21
-5.5872044311e-21
4.5109226133e-21
1.7948663420e-20
-1.4079668548e-20
7.4027310477e-21
-1.7387488328e-20
-4.0530374920e-21
8.3184629137e-06
-6.1802888721e-21
3.7241352379e-13
5.1238885523e-13
3.3945246535e-13
-6.8138447956e-20
3.5004801144e-20
3.2246649063e-20
-9.2383774884e-20
2.9385979072e-20
7.7854784375e-20
1.0249172755e-20
-2.0292488572e-21
4.9697075335e-16
-7.9073118830e-21
2.6872681415e-05
7.0773499258e-15
2.1886647108e-20
-6.3193532124e-21
1.3277745901e-20
-1.9789656606e-21
-4.5457989605e-21
7.5010476607e-16
1.8913169819e-20
8.3184629202e-06
2.3784898788e-03
3.2199486706e-03
1.9987581284e-03
2.9128561817e-19
-6.1043225057e-19
-8.8545452945e-20
-2.7225967530e-18
-8.1464775589e-20
-1.7030326985e-18
-4.8495315509e-19
2.4140804651e-19
3.6772485076e-14
-5.5872044311e-21
7.0773499258e-15
4.7216559362e-05
4.2603833056e-19
6.7675521082e-19
1.2926532319e-18
3.3608422381e-19
5.6103420631e-19
-8.3915934100e-13
-3.5766675399e-21
-1.6149575169e-13
1.9707780416e-17
2.5514004584e-17
1.5031108241e-17
1.1719285293e-05
-3.4727860580e-20
4.9338170081e-19
5.8895970896e-05
-3.1195505724e-19
1.0100314365e-18
7.0526529801e-21
2.8721385108e-20
2.0421457713e-21
4.5109226133e-21
2.1886647108e-20
4.2603833056e-19
1.9861818377e-05
-1.5069073994e-19
1.2105159886e-19
4.8429047746e-20
7.4475464372e-21
1.1793820692e-20
-1.3991447861e-20
-1.9806286420e-20
3.8866010265e-17
4.9930074350e-17
2.9349624326e-17
-2.3548077918e-19
1.1719285301e-05
6.8324580745e-21
-7.2495204167e-19
5.8895970933e-05
-4.7517341187e-20
-3.9823512439e-21
2.5298415908e-20
-2.6767659416e-20
1.7948663420e-20
-6.3193532124e-21
6.7675521082e-19
-1.5069073994e-19
1.9861818396e-05
-4.5584810353e-20
-7.1218952459e-20
1.1478287574e-20
-1.4728870731e-21
2.6632377684e-21
-1.5391280237e-20
6.9985772688e-17
9.5279930812e-17
6.1940558379e-17
6.6770068761e-20
-2.2251606626e-19
1.1719285263e-05
9.0537972284e-21
-3.5854172471e-19
5.8895970749e-05
2.7848733257e-20
-1.6887488284e-20
9.3126371582e-21
-1.4079668548e-20
1.3277745901e-20
1.2926532319e-18
1.2105159886e-19
-4.5584810353e-20
1.9861818302e-05
2.2478383973e-20
-1.0423682701e-20
-2.9048351581e-21
-3.3542061406e-20
1.3778085076e-21
1.6521974492e-17
2.4296280708e-17
1.7196291986e-17
5.9748357257e-20
-1.2180843616e-19
-6.4189120314e-20
2.0809577350e-19
-3.7483325617e-19
-2.1455484761e-20
8.3184629202e-06
1.8217670942e-21
2.8756924343e-21
7.4027310477e-21
-1.9789656606e-21
3.3608422381e-19
4.8429047746e-20
-7.1218952459e-20
2.2478383973e-20
1.3224232922e-05
6.8638196445e-22
6.7551665423e-21
5.1952485574e-21
-4.2963788610e-21
2.9033970429e-17
3.9847265782e-17
2.5445160805e-17
-2.0819528452e-20
-3.6853952907e-20
-5.6289775346e-21
-1.3121798992e-19
-1.1161847676e-19
9.0055065132e-21
-5.7637615753e-21
8.3184629150e-06
-3.2626042970e-21
-1.7387488328e-20
-4.5457989605e-21
5.6103420631e-19
7.4475464372e-21
1.1478287574e-20
-1.0423682701e-20
6.8638196445e-22
1.3224232907e-05
8.2808320567e-22
-1.0503399515e-20
-6.5623722774e-21
-4.4283403737e-11
-6.0141275743e-11
-3.8911295088e-11
3.3555884640e-20
-3.3984224158e-22
-1.6727814849e-20
1.1021310491e-19
5.4151395492e-21
-5.1520065688e-20
1.5993281612e-21
-8.5700475131e-22
8.3184629124e-06
-4.0530374920e-21
7.5010476607e-16
-8.3915934100e-13
1.1793820692e-20
-1.4728870731e-21
-2.9048351581e-21
6.7551665423e-21
8.2808320567e-22
1.3224232899e-05
6.3264502521e-21
2.1993559655e-15
-1.8020533986e-19
-2.6667730514e-19
-1.7333907482e-19
-3.6503169796e-20
3.5052535731e-21
-5.0707314500e-20
-1.1810740288e-19
-6.8978797523e-20
-1.5744779561e-19
4.7455216320e-21
1.5414237733e-20
3.6447775635e-21
8.3184629137e-06
1.8913169819e-20
-3.5766675399e-21
-1.3991447861e-20
2.6632377684e-21
-3.3542061406e-20
5.1952485574e-21
-1.0503399515e-20
6.3264502521e-21
1.3224232903e-05
-3.6996798601e-22
-8.5223163610e-12
-1.1574155549e-11
-7.4884579042e-12
-5.1792757897e-20
-1.4835222851e-20
-2.6575056869e-21
-1.8739790171e-19
-5.3470542838e-20
-4.4270134134e-21
-1.6171432972e-21
-2.7270164446e-21
7.5010545429e-16
-6.1802888721e-21
8.3184629202e-06
-1.6149575169e-13
-1.9806286420e-20
-1.5391280237e-20
1.3778085076e-21
-4.2963788610e-21
-6.5623722774e-21
2.1993559655e-15
-3.6996798601e-22
1.3224232922e-05
1.2806699365e-01
1.6882144185e-01
1.0573350730e-01
1.1884927402e-17
-2.5948481653e-17
9.8101580234e-18
-1.6489676998e-16
1.4436155850e-17
-6.6195889765e-17
-2.5554642159e-17
1.3497794290e-17
1.9349872737e-12
-5.1016697404e-19
3.7241352379e-13
2.3784898788e-03
1.9707780416e-17
3.8866010265e-17
6.9985772688e-17
1.6521974492e-17
2.9033970429e-17
-4.4283403737e-11
-1.8020533986e-19
-8.5223163610e-12
1.6882144185e-01
2.2739562784e-01
1.4380886207e-01
1.6101603271e-17
-3.4120265853e-17
1.2900730356e-17
-2.1939041528e-16
2.0010633728e-17
-8.8718913942e-17
-3.3751310537e-17
1.7175637394e-17
2.6622743458e-12
-6.6435811464e-19
5.1238885523e-13
3.2199486706e-03
2.5514004584e-17
4.9930074350e-17
9.5279930812e-17
2.4296280708e-17
3.9847265782e-17
-6.0141275743e-11
-2.6667730514e-19
-1.1574155549e-11
1.0573350730e-01
1.4380886207e-01
9.3529006940e-02
1.1090931299e-17
-2.1130279683e-17
9.0435253226e-18
-1.3668739964e-16
1.3420123886e-17
-5.3505867759e-17
-2.0914619271e-17
1.0313773939e-17
1.7637343373e-12
-4.2209661265e-19
3.3945246535e-13
1.9987581284e-03
1.5031108241e-17
2.9349624326e-17
6.1940558379e-17
1.7196291986e-17
2.5445160805e-17
-3.8911295088e-11
-1.7333907482e-19
-7.4884579042e-12
1.1884927402e-17
1.6101603271e-17
1.1090931299e-17
1.5733216630e-04
5.0939410153e-22
-5.1723249393e-20
1.8183066221e-04
1.6778436889e-19
-4.9947059993e-19
-2.8276978140e-20
6.0426503398e-20
3.6958582449e-20
3.7116782652e-20
-6.8138447956e-20
2.9128561817e-19
1.1719285293e-05
-2.3548077918e-19
6.6770068761e-20
5.9748357257e-20
-2.0819528452e-20
3.3555884640e-20
-3.6503169796e-20
-5.1792757897e-20
-2.5948481653e-17
-3.4120265853e-17
-2.1130279683e-17
5.0939410153e-22
1.5733216630e-04
1.0080359548e-19
-3.9047511326e-19
1.8183066222e-04
-9.8830573109e-20
-1.2696835997e-20
-8.0942158172e-21
-2.4139859762e-21
-9.8343344053e-20
3.5004801144e-20
-6.1043225057e-19
-3.4727860580e-20
1.1719285301e-05
-2.2251606626e-19
-1.2180843616e-19
-3.6853952907e-20
-3.3984224158e-22
3.5052535731e-21
-1.4835222851e-20
9.8101580234e-18
1.2900730356e-17
9.0435253226e-18
-5.1723249393e-20
1.0080359548e-19
1.5733216630e-04
-4.5414040991e-19
2.0545294361e-19
1.8183066216e-04
1.5734007882e-19
-1.0625806194e-19
-7.0618190493e-21
-2.1738622871e-20
3.2246649063e-20
-8.8545452945e-20
4.9338170081e-19
6.8324580745e-21
1.1719285263e-05
-6.4189120314e-20
-5.6289775346e-21
-1.6727814849e-20
-5.0707314500e-20
-2.6575056869e-21
-1.6489676998e-16
-2.1939041528e-16
-1.3668739964e-16
1.8183066221e-04
-3.9047511326e-19
-4.5414040991e-19
4.9046430563e-04
-2.0682230169e-19
-1.3487026603e-18
-2.9785082788e-20
6.6287910240e-20
8.8083758081e-20
4.0452823545e-20
-9.2383774884e-20
-2.7225967530e-18
5.8895970896e-05
-7.2495204167e-19
9.0537972284e-21
2.0809577350e-19
-1.3121798992e-19
1.1021310491e-19
-1.1810740288e-19
-1.8739790171e-19
1.4436155850e-17
2.0010633728e-17
1.3420123886e-17
1.6778436889e-19
1.8183066222e-04
2.0545294361e-19
-2.0682230169e-19
4.9046430570e-04
1.7290424467e-19
-1.6728635442e-20
1.5550145259e-20
-4.1154398044e-20
-1.3088829440e-19
2.9385979072e-20
-8.1464775589e-20
-3.1195505724e-19
5.8895970933e-05
-3.5854172471e-19
-3.7483325617e-19
-1.1161847676e-19
5.4151395492e-21
-6.8978797523e-20
-5.3470542838e-20
-6.6195889765e-17
-8.8718913942e-17
-5.3505867759e-17
-4.9947059993e-19
-9.8830573109e-20
1.8183066216e-04
-1.3487026603e-18
1.7290424467e-19
4.9046430535e-04
2.1160042870e-19
-9.2938936648e-20
-1.3533568430e-20
-1.0541109489e-19
7.7854784375e-20
-1.7030326985e-18
1.0100314365e-18
-4.7517341187e-20
5.8895970749e-05
-2.1455484761e-20
9.0055065132e-21
-5.1520065688e-20
-1.5744779561e-19
-4.4270134134e-21
-2.5554642159e-17
-3.3751310537e-17
-2.0914619271e-17
-2.8276978140e-20
-1.2696835997e-20
1.5734007882e-19
-2.9785082788e-20
-1.6728635442e-20
2.1160042870e-19
2.6872681415e-05
9.3003529741e-21
-1.7017633519e-20
2.3643621949e-21
1.0249172755e-20
-4.8495315509e-19
7.0526529801e-21
-3.9823512439e-21
2.7848733257e-20
8.3184629202e-06
-5.7637615753e-21
1.5993281612e-21
4.7455216320e-21
-1.6171432972e-21
1.3497794290e-17
1.7175637394e-17
1.0313773939e-17
6.0426503398e-20
-8.0942158172e-21
-1.0625806194e-19
6.6287910240e-20
1.5550145259e-20
-9.2938936648e-20
9.3003529741e-21
2.6872681411e-05
1.1679507094e-22
-1.4289271566e-20
-2.0292488572e-21
2.4140804651e-19
2.8721385108e-20
2.5298415908e-20
-1.6887488284e-20
1.8217670942e-21
8.3184629150e-06
-8.5700475131e-22
1.5414237733e-20
-2.7270164446e-21
1.9349872737e-12
2.6622743458e-12
1.7637343373e-12
3.6958582449e-20
-2.4139859762e-21
-7.0618190493e-21
8.8083758081e-20
-4.1154398044e-20
-1.3533568430e-20
-1.7017633519e-20
1.1679507094e-22
2.6872681410e-05
-1.2886846915e-20
4.9697075335e-16
3.6772485076e-14
2.0421457713e-21
-2.6767659416e-20
9.3126371582e-21
2.8756924343e-21
-3.2626042970e-21
8.3184629124e-06
3.6447775635e-21
7.5010545429e-16
-5.1016697404e-19
-6.6435811464e-19
-4.2209661265e-19
3.7116782652e-20
-9.8343344053e-20
-2.1738622871e-20
4.0452823545e-20
-1.3088829440e-19
-1.0541109489e-19
2.3643621949e-21
-1.4289271566e-20
-1.2886846915e-20
2.6872681411e-05
-7.9073118830e-21
-5.5872044311e-21
4.5109226133e-21
1.7948663420e-20
-1.4079668548e-20
7.4027310477e-21
-1.7387488328e-20
-4.0530374920e-21
8.3184629137e-06
-6.1802888721e-21
3.7241352379e-13
5.1238885523e-13
3.3945246535e-13
-6.8138447956e-20
3.5004801144e-20
3.2246649063e-20
-9.2383774884e-20
2.9385979072e-20
7.7854784375e-20
1.0249172755e-20
-2.0292488572e-21
4.9697075335e-16
-7.9073118830e-21
2.6872681415e-05
7.0773499258e-15
2.1886647108e-20
-6.3193532124e-21
1.3277745901e-20
-1.9789656606e-21
-4.5457989605e-21
7.5010476607e-16
1.8913169819e-20
8.3184629202e-06
2.3784898788e-03
3.2199486706e-03
1.9987581284e-03
2.9128561817e-19
-6.1043225057e-19
-8.8545452945e-20
-2.7225967530e-18
-8.1464775589e-20
-1.7030326985e-18
-4.8495315509e-19
2.4140804651e-19
3.6772485076e-14
-5.5872044311e-21
7.0773499258e-15
4.7216559362e-05
4.2603833056e-19
6.7675521082e-19
1.2926532319e-18
3.3608422381e-19
5.6103420631e-19
-8.3915934100e-13
-3.5766675399e-21
-1.6149575169e-13
1.9707780416e-17
2.5514004584e-17
1.5031108241e-17
1.1719285293e-05
-3.4727860580e-20
4.9338170081e-19
5.8895970896e-05
-3.1195505724e-19
1.0100314365e-18
7.0526529801e-21
2.8721385108e-20
2.0421457713e-21
4.5109226133e-21
2.1886647108e-20
4.2603833056e-19
1.9861818377e-05
-1.5069073994e-19
1.2105159886e-19
4.8429047746e-20
7.4475464372e-21
1.1793820692e-20
-1.3991447861e-20
-1.9806286420e-20
3.8866010265e-17
4.9930074350e-17
2.9349624326e-17
-2.3548077918e-19
1.1719285301e-05
6.8324580745e-21
-7.2495204167e-19
5.8895970933e-05
-4.7517341187e-20
-3.9823512439e-21
2.5298415908e-20
-2.6767659416e-20
1.7948663420e-20
-6.3193532124e-21
6.7675521082e-19
-1.5069073994e-19
1.9861818396e-05
-4.5584810353e-20
-7.1218952459e-20
1.1478287574e-20
-1.4728870731e-21
2.6632377684e-21
-1.5391280237e-20
6.9985772688e-17
9.5279930812e-17
6.1940558379e-17
6.6770068761e-20
-2.2251606626e-19
1.1719285263e-05
9.0537972284e-21
-3.5854172471e-19
5.8895970749e-05
2.7848733257e-20
-1.6887488284e-20
9.3126371582e-21
-1.4079668548e-20
1.3277745901e-20
1.2926532319e-18
1.2105159886e-19
-4.5584810353e-20
1.9861818302e-05
2.2478383973e-20
-1.0423682701e-20
-2.9048351581e-21
-3.3542061406e-20
1.3778085076e-21
1.6521974492e-17
2.4296280708e-17
1.7196291986e-17
5.9748357257e-20
-1.2180843616e-19
-6.4189120314e-20
2.0809577350e-19
-3.7483325617e-19
-2.1455484761e-20
8.3184629202e-06
1.8217670942e-21
2.8756924343e-21
7.4027310477e-21
-1.9789656606e-21
3.3608422381e-19
4.8429047746e-20
-7.1218952459e-20
2.2478383973e-20
1.3224232922e-05
6.8638196445e-22
6.7551665423e-21
5.1952485574e-21
-4.2963788610e-21
2.9033970429e-17
3.9847265782e-17
2.5445160805e-17
-2.0819528452e-20
-3.6853952907e-20
-5.6289775346e-21
-1.3121798992e-19
-1.1161847676e-19
9.0055065132e-21
-5.7637615753e-21
8.3184629150e-06
-3.2626042970e-21
-1.7387488328e-20
-4.5457989605e-21
5.6103420631e-19
7.4475464372e-21
1.1478287574e-20
-1.0423682701e-20
6.8638196445e-22
1.3224232907e-05
8.2808320567e-22
-1.0503399515e-20
-6.5623722774e-21
-4.4283403737e-11
-6.0141275743e-11
-3.8911295088e-11
3.3555884640e-20
-3.3984224158e-22
-1.6727814849e-20
1.1021310491e-19
5.4151395492e-21
-5.1520065688e-20
1.5993281612e-21
-8.5700475131e-22
8.3184629124e-06
-4.0530374920e-21
7.5010476607e-16
-8.3915934100e-13
1.1793820692e-20
-1.4728870731e-21
-2.9048351581e-21
6.7551665423e-21
8.2808320567e-22
1.3224232899e-05
6.3264502521e-21
2.1993559655e-15
-1.8020533986e-19
-2.6667730514e-19
-1.7333907482e-19
-3.6503169796e-20
3.5052535731e-21
-5.0707314500e-20
-1.1810740288e-19
-6.8978797523e-20
-1.5744779561e-19
4.7455216320e-21
1.5414237733e-20
3.6447775635e-21
8.3184629137e-06
1.8913169819e-20
-3.5766675399e-21
-1.3991447861e-20
2.6632377684e-21
-3.3542061406e-20
5.1952485574e-21
-1.0503399515e-20
6.3264502521e-21
1.3224232903e-05
-3.6996798601e-22
-8.5223163610e-12
-1.1574155549e-11
-7.4884579042e-12
-5.1792757897e-20
-1.4835222851e-20
-2.6575056869e-21
-1.8739790171e-19
-5.3470542838e-20
-4.4270134134e-21
-1.6171432972e-21
-2.7270164446e-21
7.5010545429e-16
-6.1802888721e-21
8.3184629202e-06
-1.6149575169e-13
-1.9806286420e-20
-1.5391280237e-20
1.3778085076e-21
-4.2963788610e-21
-6.5623722774e-21
2.1993559655e-15
-3.6996798601e-22
1.3224232922e-05