9.5072063522e-01
-1.8881445994e-03
4.2076347638e-02
2.7466406538e-03
3.1645820858e-16
-3.2716642650e-16
-1.3704810339e-05
-9.2674623655e-17
-2.4054483593e-17
-1.6170944918e-05
-1.8121094447e-17
1.9239524017e-16
-1.1712692307e-05
4.9686142259e-17
-4.5386497659e-17
-1.6633630992e-08
3.6568012957e-16
5.0302219194e-16
2.6894865716e-16
3.0895365671e-16
-4.8516178524e-09
-3.4983981687e-16
-2.8342817410e-16
-9.0090780211e-18
4.1105222116e-17
3.9819903816e-17
1.9598313024e-09
-6.2505749016e-16
-9.2299566074e-17
-3.3614677394e-18
-8.2537302833e-04
1.2777506629e-16
-1.6319434535e-16
-8.5310752950e-07
1.0929926609e-16
9.6465883196e-17
4.8239394434e-09
1.8876629241e-16
2.6398372042e-16
-7.4629273060e-17
-1.1114863150e-16
-8.3293640499e-17
-3.1385461429e-09
1.7888721049e-16
6.9006138474e-17
6.8944829364e-17
-1.8881445994e-03
3.4149059429e-01
1.0495059400e-01
2.0738855633e-01
3.0990763639e-17
-5.4401187836e-17
-1.8400786418e-05
1.7681096090e-16
-7.6449013004e-17
-2.4007009971e-05
-1.5887101987e-16
-1.4444023817e-16
-8.4273817209e-06
1.2128420647e-16
-2.6403931896e-18
2.6084460371e-07
6.7848046676e-17
-7.0065231635e-17
-1.0151809453e-16
5.7397538522e-17
-1.4690505976e-06
-1.9718573392e-16
5.8213150932e-17
-2.2353706727e-16
9.0974639676e-17
-5.8656010966e-17
-4.9780818343e-08
-4.0511756340e-17
-1.1643513701e-16
3.1655558126e-17
5.4686427153e-03
3.0842857399e-16
7.6345520142e-17
-1.6999711410e-05
-1.6761525979e-16
-1.4846331164e-16
2.4592833233e-06
1.0218187140e-17
8.8629086252e-17
1.2608448509e-16
-3.5933903880e-17
-1.4942551445e-17
1.6838790495e-07
-2.2192914084e-17
4.5359819444e-17
-1.4283117387e-16
4.2076347638e-02
1.0495059400e-01
3.7832937950e-02
6.1099169706e-02
-1.1854689333e-16
6.1220104194e-17
2.5827060063e-06
-1.1702128754e-16
7.9738516989e-17
2.5075636717e-06
-1.6165351969e-16
3.8150996645e-17
4.3553810340e-06
3.8358928070e-17
-2.6862140106e-18
6.0059123804e-08
3.7734459493e-17
9.6067718479e-19
-2.2870277760e-17
3.1985662757e-17
-4.4257410029e-07
-7.6433996627e-17
7.6933958489e-18
-6.9574622538e-17
3.0588152996e-17
-1.7209487284e-17
-1.5182462979e-08
-4.1159302148e-17
-3.9559007890e-17
9.4083383261e-18
1.6774128334e-03
9.0224231194e-17
1.8815423893e-17
-4.4686497763e-06
-4.6802235708e-17
-4.1427519120e-17
7.1849409581e-07
1.1263849650e-17
3.9457112591e-17
3.5001109873e-17
-1.6600072767e-17
-9.9467438968e-18
5.0690036908e-08
-2.1358598217e-19
1.4741393325e-17
-4.0721167282e-17
2.7466406538e-03
2.0738855633e-01
6.1099169706e-02
1.3617349270e-01
-8.4811361656e-17
4.4250896255e-17
9.0956395018e-05
-1.7677328039e-17
4.7053739953e-17
1.0885264841e-04
-1.8852057674e-16
-3.3782976914e-17
8.2931760474e-05
7.2174914150e-17
-1.6147889650e-18
1.5158899968e-07
4.2991517786e-17
-3.9881097531e-17
-6.1541812622e-17
3.8502516667e-17
-1.0771651429e-06
-1.2521198739e-16
3.5232542940e-17
-1.3587133924e-16
5.6049344309e-17
-3.4728760900e-17
-3.0511481639e-08
-2.7456906619e-17
-7.3721119267e-17
1.9481966557e-17
3.3416568502e-03
1.8654780536e-16
5.6016344954e-17
-3.6847549181e-06
-1.0448134050e-16
-8.8950289481e-17
1.5725936629e-06
8.5414290957e-18
5.7276561667e-17
7.9061803432e-17
-2.1645069939e-17
-8.5555623319e-18
1.0100387278e-07
-1.1575681064e-17
3.2134995735e-17
-8.7813335709e-17
3.1645820858e-16
3.0990763639e-17
-1.1854689333e-16
-8.4811361656e-17
1.6705812356e-01
2.3496486331e-18
7.8836491193e-18
1.9238273279e-01
5.1149704496e-18
6.3472918384e-18
1.2787416341e-01
-1.5544001290e-18
-6.4914411470e-18
-6.2813407699e-17
-6.8320941315e-19
4.2871888322e-18
-3.4157276280e-07
3.6069373290e-17
4.9470688902e-17
1.8423143432e-18
2.7459349264e-18
1.1498206546e-06
-1.5477100887e-17
-2.9481254545e-17
1.9871648989e-17
2.0791581976e-17
-2.1353125465e-17
1.6017002677e-07
-2.6441372050e-17
3.2926999749e-10
2.1988332408e-17
1.0888756078e-02
-5.8307460334e-19
1.8623925927e-17
-1.8286459822e-17
-1.2103785069e-17
-1.3075882267e-17
-2.0757593022e-06
1.4078474074e-17
-2.6238379105e-17
-3.8410997446e-17
-8.7659429868e-17
5.5283143172e-17
-1.1506085791e-07
1.6890584759e-17
-8.2005144510e-10
-3.2716642650e-16
-5.4401187836e-17
6.1220104194e-17
4.4250896255e-17
2.3496486331e-18
1.6705812356e-01
6.4273680460e-17
-1.2138159505e-17
1.9238273279e-01
2.2385429940e-18
2.7471867889e-18
1.2787416341e-01
-7.1003057830e-17
1.1479424739e-17
-3.4157276294e-07
2.9268645079e-17
2.2908649834e-18
2.3354992539e-17
-8.8609578070e-17
1.1498206545e-06
-1.0089376100e-16
-1.6684103678e-18
7.0907706039e-18
-3.2926994949e-10
1.4758499958e-17
1.6017002662e-07
-3.6277898575e-17
3.8090972600e-18
-2.8640222965e-17
-2.2972247391e-18
-2.7348943944e-17
2.4161987702e-18
1.0888756078e-02
-8.8838845405e-18
1.5105414218e-16
-2.0757593022e-06
-3.5947678119e-17
-2.0516904207e-18
1.9488359420e-17
8.2005140169e-10
-1.2098408127e-18
-1.1506085806e-07
1.3756705982e-16
-6.9582191242e-18
2.2077854759e-17
1.2762100271e-18
-1.3704810339e-05
-1.8400786418e-05
2.5827060063e-06
9.0956395018e-05
7.8836491193e-18
6.4273680460e-17
1.6703997078e-01
6.8584503574e-18
7.8493632782e-17
1.9237560255e-01
2.0368274673e-18
9.5249123399e-18
1.2781165687e-01
-6.4367581312e-17
1.2561791124e-17
-1.2432340601e-06
-1.0628893680e-18
4.0184361499e-17
6.7299331868e-17
-2.2053110367e-17
6.1655125785e-06
-1.3607435173e-18
-1.0442527070e-16
5.9551809638e-18
3.4747814555e-17
2.8391588988e-17
2.9409103135e-07
2.5877803717e-19
-7.3623828728e-18
-1.8356715599e-19
-1.1236353970e-04
-9.3803163414e-18
-8.5384672571e-17
1.1013625135e-02
-4.4449697847e-17
1.7698747631e-17
-1.4357827509e-05
-1.2018642944e-17
6.2888909595e-17
-2.6327489767e-17
8.9050207607e-18
1.8336362217e-17
-4.1409564925e-07
3.3013640591e-18
-7.5137631768e-17
4.4051633857e-18
-9.2674623655e-17
1.7681096090e-16
-1.1702128754e-16
-1.7677328039e-17
1.9238273279e-01
-1.2138159505e-17
6.8584503574e-18
2.2754798262e-01
-1.1172672135e-17
4.0562551609e-18
1.5402696838e-01
-1.2561130101e-17
-1.0015845075e-17
-7.3199507095e-17
-5.7417378500e-19
4.6771123741e-18
-3.9668507787e-07
4.2416693638e-17
5.7877644702e-17
2.5637878059e-18
3.2606721755e-18
1.4115188506e-06
-1.7828557340e-17
-3.3474023714e-17
2.2574083072e-17
2.4313518571e-17
-2.3803346792e-17
1.8555291797e-07
-3.0950166643e-17
3.9589987537e-10
2.8843769799e-17
1.3185344320e-02
-1.2492984427e-18
2.2342488853e-17
-2.0908961910e-17
-1.5088762586e-17
-1.6484484492e-17
-2.5255334852e-06
1.6377132997e-17
-3.1399078565e-17
-4.1670900474e-17
-1.0446431672e-16
6.4214469913e-17
-1.4307088737e-07
1.9615412523e-17
-9.8568473638e-10
-2.4054483593e-17
-7.6449013004e-17
7.9738516989e-17
4.7053739953e-17
5.1149704496e-18
1.9238273279e-01
7.8493632782e-17
-1.1172672135e-17
2.2754798262e-01
1.1209576298e-17
4.8029065891e-18
1.5402696838e-01
-7.4191970431e-17
1.4439442655e-17
-3.9668507803e-07
3.5373151530e-17
2.5370481486e-18
2.5701997420e-17
-1.0320822419e-16
1.4115188504e-06
-1.2052820093e-16
-1.7688501099e-18
8.4340373809e-18
-3.9589981960e-10
1.6000861883e-17
1.8555291780e-07
-4.3150759359e-17
4.4406114564e-18
-3.2891608887e-17
-2.6533443306e-18
-3.3213704433e-17
3.1197075833e-18
1.3185344320e-02
-8.7976165871e-18
1.7881903203e-16
-2.5255334852e-06
-4.5161642195e-17
-2.7384711245e-18
2.3109038743e-17
9.8568468529e-10
-1.7867596228e-18
-1.4307088755e-07
1.6276060235e-16
-8.0490306446e-18
2.5008443044e-17
1.5754404227e-18
-1.6170944918e-05
-2.4007009971e-05
2.5075636717e-06
1.0885264841e-04
6.3472918384e-18
2.2385429940e-18
1.9237560255e-01
4.0562551609e-18
1.1209576298e-17
2.2755667789e-01
-3.7139197969e-19
-4.1675810432e-17
1.5396333342e-01
-7.4910143061e-17
1.4017627168e-17
-1.4759082590e-06
-8.4307732735e-19
4.6396857888e-17
7.7159389028e-17
-2.3695866982e-17
7.4796690141e-06
-1.6861162572e-18
-1.1993504969e-16
6.6283436953e-18
4.2144622859e-17
3.2941884303e-17
3.4479456295e-07
3.9384727682e-19
-8.5166449671e-18
-2.8334837234e-19
-1.3577981275e-04
-1.1942414953e-17
-1.0149786168e-16
1.3337240074e-02
-5.0201030945e-17
1.9466669259e-17
-1.7341188421e-05
-1.3344484530e-17
7.3046373718e-17
-3.0061855708e-17
9.5087779984e-18
2.0392455823e-17
-5.0274290783e-07
3.1962677092e-18
-8.8380347860e-17
5.5586072997e-18
-1.8121094447e-17
-1.5887101987e-16
-1.6165351969e-16
-1.8852057674e-16
1.2787416341e-01
2.7471867889e-18
2.0368274673e-18
1.5402696838e-01
4.8029065891e-18
-3.7139197969e-19
1.0997900717e-01
-1.1223919456e-18
-9.2112281821e-18
-4.8626191455e-17
-4.9909062404e-19
2.8540609926e-18
-2.6990060322e-07
2.8568019352e-17
3.9640824841e-17
1.4171270466e-18
2.4042546669e-18
9.7378433949e-07
-1.2162710938e-17
-2.2113474549e-17
1.3813116482e-17
1.6560705422e-17
-1.5903397551e-17
1.1031286195e-07
-2.0878337381e-17
2.8156477408e-10
1.5425990556e-17
9.3098851758e-03
2.6260684494e-20
1.5582849617e-17
-1.3521153246e-17
-1.1760599241e-17
-1.2435664654e-17
-1.8829710901e-06
1.0849156146e-17
-2.1109289030e-17
-2.3803982658e-17
-7.2152486225e-17
4.3993069674e-17
-1.0335344902e-07
1.3406804202e-17
-7.0040034244e-10
1.9239524017e-16
-1.4444023817e-16
3.8150996645e-17
-3.3782976914e-17
-1.5544001290e-18
1.2787416341e-01
9.5249123399e-18
-1.2561130101e-17
1.5402696838e-01
-4.1675810432e-17
-1.1223919456e-18
1.0997900717e-01
-7.5750619053e-17
9.7814944334e-18
-2.6990060333e-07
2.5429689908e-17
1.3632211786e-18
1.6085426852e-17
-7.0855167747e-17
9.7378433941e-07
-8.4122575552e-17
-1.1683596641e-18
7.6763825159e-18
-2.8156473701e-10
9.4902354192e-18
1.1031286183e-07
-2.9978486153e-17
2.9863516822e-18
-2.1392844742e-17
-1.6454674313e-18
-2.5323225948e-17
1.8307240967e-18
9.3098851758e-03
-6.8487240436e-18
1.2387301610e-16
-1.8829710901e-06
-3.2759593262e-17
-2.1140567984e-18
1.6116645087e-17
7.0040030743e-10
-2.2427719238e-18
-1.0335344914e-07
1.1142799793e-16
-5.4102746145e-18
1.5830307083e-17
6.8151421170e-19
-1.1712692307e-05
-8.4273817209e-06
4.3553810340e-06
8.2931760474e-05
-6.4914411470e-18
-7.1003057830e-17
1.2781165687e-01
-1.0015845075e-17
-7.4191970431e-17
1.5396333342e-01
-9.2112281821e-18
-7.5750619053e-17
1.0988372748e-01
-5.1902478997e-17
9.1096148953e-18
-1.0401920515e-06
-2.1495468104e-19
3.0439103219e-17
5.2833567893e-17
-1.3407689227e-17
5.2848155506e-06
-1.2268176441e-18
-7.7941763612e-17
3.4209847575e-18
2.9510251722e-17
2.1927597308e-17
2.1801914688e-07
5.4732490656e-19
-6.0218751100e-18
-2.9779004855e-19
-9.6478564921e-05
-9.8295256142e-18
-7.1408155164e-17
9.4138585695e-03
-3.3932885014e-17
1.2535242637e-17
-1.2437297949e-05
-8.0886841539e-18
4.8505264004e-17
-1.9092597514e-17
5.0954476344e-18
1.1731682842e-17
-3.5746940388e-07
1.4198429571e-18
-6.0368049337e-17
4.3518615514e-18
4.9686142259e-17
1.2128420647e-16
3.8358928070e-17
7.2174914150e-17
-6.2813407699e-17
1.1479424739e-17
-6.4367581312e-17
-7.3199507095e-17
1.4439442655e-17
-7.4910143061e-17
-4.8626191455e-17
9.7814944334e-18
-5.1902478997e-17
4.6221372643e-04
4.2666549467e-19
-2.7462790119e-20
-4.4350055023e-20
-7.3236583442e-19
4.3366432266e-04
-1.4757922958e-19
4.6876085783e-19
-2.1480109025e-19
2.6182787590e-19
1.0641422206e-19
1.0953894782e-09
-2.8326108005e-19
-3.7384603289e-20
9.9515554923e-20
1.4773286311e-19
4.7818203814e-20
3.1047738915e-18
-4.1155372235e-18
1.1461599260e-18
-4.3805595267e-18
1.8041861233e-05
6.0245205747e-20
-9.2368595836e-19
-1.4486390572e-19
-6.7671823415e-19
-2.3201774970e-20
-9.9451462280e-10
-1.8615913030e-19
2.4990353395e-19
-1.1788433883e-19
-3.9337046790e-19
-1.2120409076e-19
-4.5386497659e-17
-2.6403931896e-18
-2.6862140106e-18
-1.6147889650e-18
-6.8320941315e-19
-3.4157276294e-07
1.2561791124e-17
-5.7417378500e-19
-3.9668507803e-07
1.4017627168e-17
-4.9909062404e-19
-2.6990060333e-07
9.1096148953e-18
4.2666549467e-19
4.6220603475e-04
-1.8258459554e-19
-6.9687943236e-20
-5.9079156415e-19
4.3860151420e-19
4.3366151071e-04
5.5359831467e-20
-2.4453001508e-19
-9.9115080198e-19
1.4477296387e-13
-9.4758415573e-20
2.2223676968e-09
1.2400418193e-19
-1.7808277932e-20
-3.3712058581e-20
1.2737480993e-20
-5.2519358588e-19
9.3456686051e-21
-2.7231769365e-08
8.0687710012e-19
6.6006940500e-19
1.8053070530e-05
-2.5630662608e-19
6.5410926405e-20
-6.2443042581e-19
-3.6868205657e-13
2.4262720915e-19
-2.3010659475e-09
-1.1235649013e-19
-8.4373567903e-21
3.7461230994e-20
-1.5156704315e-20
-1.6633630992e-08
2.6084460371e-07
6.0059123804e-08
1.5158899968e-07
4.2871888322e-18
2.9268645079e-17
-1.2432340601e-06
4.6771123741e-18
3.5373151530e-17
-1.4759082590e-06
2.8540609926e-18
2.5429689908e-17
-1.0401920515e-06
-2.7462790119e-20
-1.8258459554e-19
4.6220374400e-04
-1.1840190419e-19
9.4344693482e-20
8.5532963086e-20
2.4009322245e-19
4.3366067351e-04
-2.0363316630e-20
-4.8572870448e-19
6.0786317636e-21
-7.7330340084e-20
-1.8738171362e-20
2.5893491876e-09
-3.9612466551e-20
4.0934168679e-20
-3.9560890007e-20
3.3836745563e-08
1.5236925582e-19
2.2977652880e-18
-9.6020376531e-08
-6.4378679895e-19
-1.3978621298e-19
1.8057514347e-05
-6.3717689375e-20
1.6346790819e-19
-3.4404933798e-20
7.9109914132e-20
1.1698523810e-19
-2.6629266969e-09
-3.9712133508e-20
-1.1245507192e-20
9.1100047546e-20
3.6568012957e-16
6.7848046676e-17
3.7734459493e-17
4.2991517786e-17
-3.4157276280e-07
2.2908649834e-18
-1.0628893680e-18
-3.9668507787e-07
2.5370481486e-18
-8.4307732735e-19
-2.6990060322e-07
1.3632211786e-18
-2.1495468104e-19
-4.4350055023e-20
-6.9687943236e-20
-1.1840190419e-19
4.6220603475e-04
6.0920758730e-20
-1.3279702981e-19
1.9569602774e-19
-2.1057668500e-19
4.3366151071e-04
3.5322580532e-20
3.3133750184e-21
-9.4005338523e-20
4.4875792735e-20
-2.1844136016e-19
2.2223676972e-09
1.4495351161e-20
-1.4477287891e-13
8.3900214705e-19
-2.7231769356e-08
9.5130714085e-20
-2.7341684954e-19
-9.0788914138e-20
4.6227551002e-20
3.8969569107e-19
1.8053070530e-05
-5.8146274734e-20
-1.4481344685e-19
4.8833495257e-21
-1.0099536673e-19
-1.3436578275e-19
-2.3010659469e-09
9.9088902363e-21
3.6868145944e-13
5.0302219194e-16
-7.0065231635e-17
9.6067718479e-19
-3.9881097531e-17
3.6069373290e-17
2.3354992539e-17
4.0184361499e-17
4.2416693638e-17
2.5701997420e-17
4.6396857888e-17
2.8568019352e-17
1.6085426852e-17
3.0439103219e-17
-7.3236583442e-19
-5.9079156415e-19
9.4344693482e-20
6.0920758730e-20
4.6221372567e-04
4.8799897108e-19
-7.3921536283e-20
-1.0761032217e-19
5.8780936877e-20
4.3366432181e-04
-2.1960850083e-19
-5.5866064499e-20
-2.6717739260e-19
-2.4511257007e-19
-4.7413131237e-21
1.0950365098e-09
-2.1280866701e-20
-1.2450064042e-18
2.4613703418e-18
1.1416428534e-18
2.5169961269e-18
-3.1870520618e-19
4.2716026700e-20
-1.4632033337e-19
5.3397913547e-20
1.8041849117e-05
7.0870118240e-19
-9.4984261610e-20
2.5512622387e-19
4.4788858079e-19
7.3023611013e-20
-9.9361574536e-10
7.3200611929e-20
2.6894865716e-16
-1.0151809453e-16
-2.2870277760e-17
-6.1541812622e-17
4.9470688902e-17
-8.8609578070e-17
6.7299331868e-17
5.7877644702e-17
-1.0320822419e-16
7.7159389028e-17
3.9640824841e-17
-7.0855167747e-17
5.2833567893e-17
4.3366432266e-04
4.3860151420e-19
8.5532963086e-20
-1.3279702981e-19
4.8799897108e-19
9.3441663781e-04
-6.3449077787e-19
8.0783292117e-19
-2.3527433691e-19
2.8196326728e-18
-1.9595265618e-20
2.3029867832e-09
-4.0095932547e-19
-1.4856265535e-19
1.9192962156e-19
1.5093926120e-19
4.0723357559e-20
6.8011714059e-19
3.3530794653e-18
-5.2607084758e-18
4.4798856876e-18
1.4653344029e-04
1.6675234535e-19
-1.3333659815e-18
-1.9239350000e-19
-8.1349964016e-19
5.1379693225e-21
-3.3274813704e-10
-5.5646813553e-19
3.4349609128e-19
-1.7221533689e-19
-5.7974261663e-19
-2.1461181676e-19
3.0895365671e-16
5.7397538522e-17
3.1985662757e-17
3.8502516667e-17
1.8423143432e-18
1.1498206545e-06
-2.2053110367e-17
2.5637878059e-18
1.4115188504e-06
-2.3695866982e-17
1.4171270466e-18
9.7378433941e-07
-1.3407689227e-17
-1.4757922958e-19
4.3366151071e-04
2.4009322245e-19
1.9569602774e-19
-7.3921536283e-20
-6.3449077787e-19
9.3438135234e-04
4.7923182309e-19
-3.1154313786e-19
-7.0341940612e-19
7.3430505211e-13
-7.4873553587e-20
5.4507643584e-09
2.4578007312e-19
-5.1802342086e-20
1.1108509195e-19
8.3603422819e-21
1.0721515613e-19
2.1296025898e-19
5.0457350130e-08
-9.9869062624e-19
8.3322821203e-19
1.4655735688e-04
9.1567423693e-21
1.5530647348e-19
-4.2853570777e-19
-1.2084246486e-12
3.5704654458e-19
-4.1177025158e-09
-2.2869073122e-19
1.9601860432e-20
9.2274599633e-20
-3.3749819846e-20
-4.8516178524e-09
-1.4690505976e-06
-4.4257410029e-07
-1.0771651429e-06
2.7459349264e-18
-1.0089376100e-16
6.1655125785e-06
3.2606721755e-18
-1.2052820093e-16
7.4796690141e-06
2.4042546669e-18
-8.4122575552e-17
5.2848155506e-06
4.6876085783e-19
5.5359831467e-20
4.3366067351e-04
-2.1057668500e-19
-1.0761032217e-19
8.0783292117e-19
4.7923182309e-19
9.3436418486e-04
-2.1917669090e-19
-1.0480066275e-18
3.9211367872e-20
-1.0219130757e-19
-2.9006972416e-19
6.5091509848e-09
-2.0522636313e-20
4.2383310045e-19
-4.6792772703e-20
8.9946346243e-08
1.0245353632e-19
-7.1718789030e-18
3.9018429207e-07
-7.5798736933e-19
-2.8063510448e-19
1.4656613414e-04
-1.8141530106e-19
1.7620433412e-19
-9.0114814221e-20
-2.6845742671e-20
4.5300305294e-19
-5.2753996963e-09
-1.4487482846e-19
-1.1020338291e-19
1.9236779355e-19
-3.4983981687e-16
-1.9718573392e-16
-7.6433996627e-17
-1.2521198739e-16
1.1498206546e-06
-1.6684103678e-18
-1.3607435173e-18
1.4115188506e-06
-1.7688501099e-18
-1.6861162572e-18
9.7378433949e-07
-1.1683596641e-18
-1.2268176441e-18
-2.1480109025e-19
-2.4453001508e-19
-2.0363316630e-20
4.3366151071e-04
5.8780936877e-20
-2.3527433691e-19
-3.1154313786e-19
-2.1917669090e-19
9.3438135234e-04
-7.5658654002e-21
7.2990833917e-20
-1.2694472414e-19
4.8374563409e-20
-2.4206108954e-19
5.4507643587e-09
5.1828592142e-20
-7.3430493640e-13
-2.8206002914e-18
5.0457350136e-08
-1.3158348308e-19
-4.5945157138e-19
-2.5035908292e-19
8.5194947961e-20
8.4216676753e-19
1.4655735688e-04
-7.4146687039e-20
-1.5347908806e-19
5.2072560789e-20
-1.1164196590e-19
-1.2644568294e-19
-4.1177025146e-09
-1.3826163737e-20
1.2084239041e-12
-2.8342817410e-16
5.8213150932e-17
7.6933958489e-18
3.5232542940e-17
-1.5477100887e-17
7.0907706039e-18
-1.0442527070e-16
-1.7828557340e-17
8.4340373809e-18
-1.1993504969e-16
-1.2162710938e-17
7.6763825159e-18
-7.7941763612e-17
2.6182787590e-19
-9.9115080198e-19
-4.8572870448e-19
3.5322580532e-20
4.3366432181e-04
2.8196326728e-18
-7.0341940612e-19
-1.0480066275e-18
-7.5658654002e-21
9.3441669272e-04
-1.8840571460e-19
3.5660858811e-20
-2.9733461313e-19
-4.6878852092e-19
1.1661082060e-20
2.3011828577e-09
-2.8700093207e-20
1.5991289030e-18
-9.2138536887e-19
1.6092478267e-19
-7.0275895555e-18
-2.5344748949e-19
9.8743671689e-20
-4.8881736973e-19
9.3301589056e-21
1.4653340529e-04
1.0602564557e-18
-3.6657417945e-19
3.2161458451e-19
5.4742050860e-19
8.3475682847e-20
-3.2977390575e-10
1.4854810167e-19
-9.0090780211e-18
-2.2353706727e-16
-6.9574622538e-17
-1.3587133924e-16
-2.9481254545e-17
-3.2926994949e-10
5.9551809638e-18
-3.3474023714e-17
-3.9589981960e-10
6.6283436953e-18
-2.2113474549e-17
-2.8156473701e-10
3.4209847575e-18
1.0641422206e-19
1.4477296387e-13
6.0786317636e-21
3.3133750184e-21
-2.1960850083e-19
-1.9595265618e-20
7.3430505211e-13
3.9211367872e-20
7.2990833917e-20
-1.8840571460e-19
1.0068526449e-04
1.6041696371e-19
-1.6804061155e-14
-2.7846438478e-20
-1.5313606276e-20
-2.9644362842e-19
2.8405306479e-20
-3.4750934092e-18
-1.8497374383e-18
-2.3597462392e-11
3.2891120376e-19
-1.8927987325e-20
3.3488146286e-13
-1.0698509407e-21
2.1070188287e-20
-1.6084255222e-20
1.1695634271e-05
-1.5275128017e-19
1.5823721344e-14
-1.1573873281e-19
-5.4100192251e-22
2.2293291873e-20
-1.0332111782e-21
4.1105222116e-17
9.0974639676e-17
3.0588152996e-17
5.6049344309e-17
1.9871648989e-17
1.4758499958e-17
3.4747814555e-17
2.2574083072e-17
1.6000861883e-17
4.2144622859e-17
1.3813116482e-17
9.4902354192e-18
2.9510251722e-17
1.0953894782e-09
-9.4758415573e-20
-7.7330340084e-20
-9.4005338523e-20
-5.5866064499e-20
2.3029867832e-09
-7.4873553587e-20
-1.0219130757e-19
-1.2694472414e-19
3.5660858811e-20
1.6041696371e-19
1.0068390804e-04
1.3389597556e-19
-4.4373077183e-20
-9.8327478374e-21
-3.2822893026e-19
-2.2058468964e-20
1.2565422515e-18
1.2222833207e-18
8.1427189855e-19
2.4839241164e-18
2.2712069948e-09
3.4530961799e-20
6.5875716655e-21
3.7296714320e-20
-1.9326562789e-20
-1.0117180301e-19
1.1695661899e-05
4.8218385114e-20
-5.3636477148e-20
1.4339246669e-20
9.3743334261e-20
-6.7507052440e-21
3.9819903816e-17
-5.8656010966e-17
-1.7209487284e-17
-3.4728760900e-17
2.0791581976e-17
1.6017002662e-07
2.8391588988e-17
2.4313518571e-17
1.8555291780e-07
3.2941884303e-17
1.6560705422e-17
1.1031286183e-07
2.1927597308e-17
-2.8326108005e-19
2.2223676968e-09
-1.8738171362e-20
4.4875792735e-20
-2.6717739260e-19
-4.0095932547e-19
5.4507643584e-09
-2.9006972416e-19
4.8374563409e-20
-2.9733461313e-19
-1.6804061155e-14
1.3389597556e-19
1.0068310996e-04
-6.9654702738e-20
4.3441068733e-20
-1.0775196781e-19
5.1685480316e-21
-7.2131280786e-19
1.3962857957e-18
5.0010027342e-09
1.9924280365e-18
-4.2974742668e-20
4.3850823515e-09
-3.0961541335e-20
-3.2656923227e-20
-1.0366294414e-19
1.6226318723e-14
-3.7068212435e-20
1.1695676216e-05
7.2573194485e-20
-4.8506033297e-21
-1.2645583824e-19
-1.0246386124e-21
1.9598313024e-09
-4.9780818343e-08
-1.5182462979e-08
-3.0511481639e-08
-2.1353125465e-17
-3.6277898575e-17
2.9409103135e-07
-2.3803346792e-17
-4.3150759359e-17
3.4479456295e-07
-1.5903397551e-17
-2.9978486153e-17
2.1801914688e-07
-3.7384603289e-20
1.2400418193e-19
2.5893491876e-09
-2.1844136016e-19
-2.4511257007e-19
-1.4856265535e-19
2.4578007312e-19
6.5091509848e-09
-2.4206108954e-19
-4.6878852092e-19
-2.7846438478e-20
-4.4373077183e-20
-6.9654702738e-20
1.0068285202e-04
1.6325231569e-20
1.0343761367e-19
2.2444271588e-20
-2.3778468046e-10
-1.3338604156e-18
-2.5127492638e-18
1.3390209105e-08
4.4118708247e-20
8.6471879344e-20
5.1087769753e-09
-1.4300421185e-19
-5.0286283176e-20
-5.9884200153e-21
3.0641920761e-20
3.5196709132e-20
1.1695684001e-05
2.4424348989e-21
-3.0959718588e-20
8.2765431093e-22
-6.2505749016e-16
-4.0511756340e-17
-4.1159302148e-17
-2.7456906619e-17
1.6017002677e-07
3.8090972600e-18
2.5877803717e-19
1.8555291797e-07
4.4406114564e-18
3.9384727682e-19
1.1031286195e-07
2.9863516822e-18
5.4732490656e-19
9.9515554923e-20
-1.7808277932e-20
-3.9612466551e-20
2.2223676972e-09
-4.7413131237e-21
1.9192962156e-19
-5.1802342086e-20
-2.0522636313e-20
5.4507643587e-09
1.1661082060e-20
-1.5313606276e-20
-9.8327478374e-21
4.3441068733e-20
1.6325231569e-20
1.0068310996e-04
-1.2765442159e-20
1.6804006166e-14
-1.7111628504e-19
5.0010027439e-09
2.5440120055e-19
4.5826693042e-20
1.1611961393e-19
-2.6115357120e-20
-4.6555763033e-20
4.3850823517e-09
4.3441426234e-20
-2.0322995447e-20
-2.0810383799e-20
-4.9568259452e-20
-2.1592529244e-20
1.1695676216e-05
-3.4324547418e-21
-1.6226356061e-14
-9.2299566074e-17
-1.1643513701e-16
-3.9559007890e-17
-7.3721119267e-17
-2.6441372050e-17
-2.8640222965e-17
-7.3623828728e-18
-3.0950166643e-17
-3.2891608887e-17
-8.5166449671e-18
-2.0878337381e-17
-2.1392844742e-17
-6.0218751100e-18
1.4773286311e-19
-3.3712058581e-20
4.0934168679e-20
1.4495351161e-20
1.0950365098e-09
1.5093926120e-19
1.1108509195e-19
4.2383310045e-19
5.1828592142e-20
2.3011828577e-09
-2.9644362842e-19
-3.2822893026e-19
-1.0775196781e-19
1.0343761367e-19
-1.2765442159e-20
1.0068390807e-04
4.0193313333e-20
-1.7921027629e-18
-1.7802486214e-18
-1.8285327526e-18
-4.0778363982e-19
3.7112402669e-20
-2.9646909170e-20
-7.3686988734e-20
2.7760069127e-20
2.2703975112e-09
1.1243816319e-19
3.1736329656e-20
5.0813306068e-20
2.8570722114e-20
-3.3257097896e-21
1.1695662077e-05
1.7287016670e-20
-3.3614677394e-18
3.1655558126e-17
9.4083383261e-18
1.9481966557e-17
3.2926999749e-10
-2.2972247391e-18
-1.8356715599e-19
3.9589987537e-10
-2.6533443306e-18
-2.8334837234e-19
2.8156477408e-10
-1.6454674313e-18
-2.9779004855e-19
4.7818203814e-20
1.2737480993e-20
-3.9560890007e-20
-1.4477287891e-13
-2.1280866701e-20
4.0723357559e-20
8.3603422819e-21
-4.6792772703e-20
-7.3430493640e-13
-2.8700093207e-20
2.8405306479e-20
-2.2058468964e-20
5.1685480316e-21
2.2444271588e-20
1.6804006166e-14
4.0193313333e-20
1.0068526449e-04
5.4702529936e-19
2.3597465479e-11
-1.4999297053e-19
-3.2227024755e-20
5.7970875776e-21
4.8107139301e-22
-2.1502138973e-20
-3.3488149175e-13
-2.1274196878e-20
5.9483228920e-22
2.2550084970e-20
-9.2858316441e-21
-1.3360345423e-20
-1.5823716840e-14
-8.7999008386e-20
1.1695634271e-05
-8.2537302833e-04
5.4686427153e-03
1.6774128334e-03
3.3416568502e-03
2.1988332408e-17
-2.7348943944e-17
-1.1236353970e-04
2.8843769799e-17
-3.3213704433e-17
-1.3577981275e-04
1.5425990556e-17
-2.5323225948e-17
-9.6478564921e-05
3.1047738915e-18
-5.2519358588e-19
3.3836745563e-08
8.3900214705e-19
-1.2450064042e-18
6.8011714059e-19
1.0721515613e-19
8.9946346243e-08
-2.8206002914e-18
1.5991289030e-18
-3.4750934092e-18
1.2565422515e-18
-7.2131280786e-19
-2.3778468046e-10
-1.7111628504e-19
-1.7921027629e-18
5.4702529936e-19
1.2349507079e-04
6.4921266280e-18
-4.7988647357e-19
-8.3802673485e-06
-2.1355526043e-18
-2.5083951708e-18
1.3708298682e-07
4.1930583334e-20
1.5280655285e-18
2.0676185923e-18
-5.4098233750e-19
-1.3244192359e-19
2.3102713189e-09
-4.5698588324e-19
7.0081400523e-19
-2.3370109013e-18
1.2777506629e-16
3.0842857399e-16
9.0224231194e-17
1.8654780536e-16
1.0888756078e-02
2.4161987702e-18
-9.3803163414e-18
1.3185344320e-02
3.1197075833e-18
-1.1942414953e-17
9.3098851758e-03
1.8307240967e-18
-9.8295256142e-18
-4.1155372235e-18
9.3456686051e-21
1.5236925582e-19
-2.7231769356e-08
2.4613703418e-18
3.3530794653e-18
2.1296025898e-19
1.0245353632e-19
5.0457350136e-08
-9.2138536887e-19
-1.8497374383e-18
1.2222833207e-18
1.3962857957e-18
-1.3338604156e-18
5.0010027439e-09
-1.7802486214e-18
2.3597465479e-11
6.4921266280e-18
7.6591818179e-04
1.3045922488e-19
5.4701471995e-19
-1.1493896106e-18
-9.5778565171e-19
-1.0665554268e-18
-1.8749337595e-07
9.6437384040e-19
-1.7743923591e-18
-1.9725575968e-18
-6.1786858736e-18
3.7232218266e-18
-7.9873499521e-09
1.1440583111e-18
-5.8874794100e-11
-1.6319434535e-16
7.6345520142e-17
1.8815423893e-17
5.6016344954e-17
-5.8307460334e-19
1.0888756078e-02
-8.5384672571e-17
-1.2492984427e-18
1.3185344320e-02
-1.0149786168e-16
2.6260684494e-20
9.3098851758e-03
-7.1408155164e-17
1.1461599260e-18
-2.7231769365e-08
2.2977652880e-18
9.5130714085e-20
1.1416428534e-18
-5.2607084758e-18
5.0457350130e-08
-7.1718789030e-18
-1.3158348308e-19
1.6092478267e-19
-2.3597462392e-11
8.1427189855e-19
5.0010027342e-09
-2.5127492638e-18
2.5440120055e-19
-1.8285327526e-18
-1.4999297053e-19
-4.7988647357e-19
1.3045922488e-19
7.6591818179e-04
-6.2031697216e-18
1.0716287879e-17
-1.8749337595e-07
-2.7564941011e-18
-1.8590596185e-19
1.2395589351e-18
5.8874791120e-11
-1.7814039663e-19
-7.9873499628e-09
9.4589309055e-18
-4.5599626015e-19
1.3090735278e-18
4.4745018547e-20
-8.5310752950e-07
-1.6999711410e-05
-4.4686497763e-06
-3.6847549181e-06
1.8623925927e-17
-8.8838845405e-18
1.1013625135e-02
2.2342488853e-17
-8.7976165871e-18
1.3337240074e-02
1.5582849617e-17
-6.8487240436e-18
9.4138585695e-03
-4.3805595267e-18
8.0687710012e-19
-9.6020376531e-08
-2.7341684954e-19
2.5169961269e-18
4.4798856876e-18
-9.9869062624e-19
3.9018429207e-07
-4.5945157138e-19
-7.0275895555e-18
3.2891120376e-19
2.4839241164e-18
1.9924280365e-18
1.3390209105e-08
4.5826693042e-20
-4.0778363982e-19
-3.2227024755e-20
-8.3802673485e-06
5.4701471995e-19
-6.2031697216e-18
7.8389823189e-04
-2.9080187188e-18
1.0965076379e-18
-1.1053206303e-06
-7.5729397096e-19
4.0754851866e-18
-1.6421816410e-18
4.1654875611e-19
1.0629357564e-18
-2.9712771554e-08
1.1955033916e-19
-5.1873294518e-18
3.7035613187e-19
1.0929926609e-16
-1.6761525979e-16
-4.6802235708e-17
-1.0448134050e-16
-1.8286459822e-17
1.5105414218e-16
-4.4449697847e-17
-2.0908961910e-17
1.7881903203e-16
-5.0201030945e-17
-1.3521153246e-17
1.2387301610e-16
-3.3932885014e-17
1.8041861233e-05
6.6006940500e-19
-6.4378679895e-19
-9.0788914138e-20
-3.1870520618e-19
1.4653344029e-04
8.3322821203e-19
-7.5798736933e-19
-2.5035908292e-19
-2.5344748949e-19
-1.8927987325e-20
2.2712069948e-09
-4.2974742668e-20
4.4118708247e-20
1.1611961393e-19
3.7112402669e-20
5.7970875776e-21
-2.1355526043e-18
-1.1493896106e-18
1.0716287879e-17
-2.9080187188e-18
1.1161680493e-04
1.5980099122e-19
-3.8335614587e-19
-1.2499489725e-19
-2.6710886163e-19
7.0764193641e-21
-4.3348937391e-09
-1.8537075460e-19
1.3017978443e-19
1.2673106188e-20
-7.5008319219e-20
-4.3170547414e-20
9.6465883196e-17
-1.4846331164e-16
-4.1427519120e-17
-8.8950289481e-17
-1.2103785069e-17
-2.0757593022e-06
1.7698747631e-17
-1.5088762586e-17
-2.5255334852e-06
1.9466669259e-17
-1.1760599241e-17
-1.8829710901e-06
1.2535242637e-17
6.0245205747e-20
1.8053070530e-05
-1.3978621298e-19
4.6227551002e-20
4.2716026700e-20
1.6675234535e-19
1.4655735688e-04
-2.8063510448e-19
8.5194947961e-20
9.8743671689e-20
3.3488146286e-13
3.4530961799e-20
4.3850823515e-09
8.6471879344e-20
-2.6115357120e-20
-2.9646909170e-20
4.8107139301e-22
-2.5083951708e-18
-9.5778565171e-19
-1.8749337595e-07
1.0965076379e-18
1.5980099122e-19
1.1165603918e-04
-1.3898276102e-20
1.3033261257e-19
9.4646676034e-20
-1.3992403343e-12
1.2217398774e-20
-8.1145450069e-09
-1.5552653290e-20
2.0733801235e-20
2.7124715058e-20
-2.0253370362e-21
4.8239394434e-09
2.4592833233e-06
7.1849409581e-07
1.5725936629e-06
-1.3075882267e-17
-3.5947678119e-17
-1.4357827509e-05
-1.6484484492e-17
-4.5161642195e-17
-1.7341188421e-05
-1.2435664654e-17
-3.2759593262e-17
-1.2437297949e-05
-9.2368595836e-19
-2.5630662608e-19
1.8057514347e-05
3.8969569107e-19
-1.4632033337e-19
-1.3333659815e-18
9.1567423693e-21
1.4656613414e-04
8.4216676753e-19
-4.8881736973e-19
-1.0698509407e-21
6.5875716655e-21
-3.0961541335e-20
5.1087769753e-09
-4.6555763033e-20
-7.3686988734e-20
-2.1502138973e-20
1.3708298682e-07
-1.0665554268e-18
-2.7564941011e-18
-1.1053206303e-06
-3.8335614587e-19
-1.3898276102e-20
1.1167691679e-04
1.2479214631e-19
-1.5922027490e-19
-8.3170546434e-20
-4.9424686277e-20
1.3215556565e-19
-9.2889946312e-09
-1.1946912914e-19
-7.5887185404e-20
3.4859887577e-20
1.8876629241e-16
1.0218187140e-17
1.1263849650e-17
8.5414290957e-18
-2.0757593022e-06
-2.0516904207e-18
-1.2018642944e-17
-2.5255334852e-06
-2.7384711245e-18
-1.3344484530e-17
-1.8829710901e-06
-2.1140567984e-18
-8.0886841539e-18
-1.4486390572e-19
6.5410926405e-20
-6.3717689375e-20
1.8053070530e-05
5.3397913547e-20
-1.9239350000e-19
1.5530647348e-19
-1.8141530106e-19
1.4655735688e-04
9.3301589056e-21
2.1070188287e-20
3.7296714320e-20
-3.2656923227e-20
-1.4300421185e-19
4.3850823517e-09
2.7760069127e-20
-3.3488149175e-13
4.1930583334e-20
-1.8749337595e-07
-1.8590596185e-19
-7.5729397096e-19
-1.2499489725e-19
1.3033261257e-19
1.2479214631e-19
1.1165603918e-04
-1.8407171367e-20
-1.0892419137e-20
7.4865987759e-20
-2.4322807183e-20
-1.2003671131e-19
-8.1145450067e-09
-1.3184182205e-20
1.3992402005e-12
2.6398372042e-16
8.8629086252e-17
3.9457112591e-17
5.7276561667e-17
1.4078474074e-17
1.9488359420e-17
6.2888909595e-17
1.6377132997e-17
2.3109038743e-17
7.3046373718e-17
1.0849156146e-17
1.6116645087e-17
4.8505264004e-17
-6.7671823415e-19
-6.2443042581e-19
1.6346790819e-19
-5.8146274734e-20
1.8041849117e-05
-8.1349964016e-19
-4.2853570777e-19
1.7620433412e-19
-7.4146687039e-20
1.4653340529e-04
-1.6084255222e-20
-1.9326562789e-20
-1.0366294414e-19
-5.0286283176e-20
4.3441426234e-20
2.2703975112e-09
-2.1274196878e-20
1.5280655285e-18
9.6437384040e-19
1.2395589351e-18
4.0754851866e-18
-2.6710886163e-19
9.4646676034e-20
-1.5922027490e-19
-1.8407171367e-20
1.1161672026e-04
1.7157212123e-19
-1.1050420074e-19
1.1837132385e-19
-2.7166406143e-20
1.3826142041e-20
-4.3314952636e-09
2.9390590699e-20
-7.4629273060e-17
1.2608448509e-16
3.5001109873e-17
7.9061803432e-17
-2.6238379105e-17
8.2005140169e-10
-2.6327489767e-17
-3.1399078565e-17
9.8568468529e-10
-3.0061855708e-17
-2.1109289030e-17
7.0040030743e-10
-1.9092597514e-17
-2.3201774970e-20
-3.6868205657e-13
-3.4404933798e-20
-1.4481344685e-19
7.0870118240e-19
5.1379693225e-21
-1.2084246486e-12
-9.0114814221e-20
-1.5347908806e-19
1.0602564557e-18
1.1695634271e-05
-1.0117180301e-19
1.6226318723e-14
-5.9884200153e-21
-2.0322995447e-20
1.1243816319e-19
5.9483228920e-22
2.0676185923e-18
-1.7743923591e-18
5.8874791120e-11
-1.6421816410e-18
7.0764193641e-21
-1.3992403343e-12
-8.3170546434e-20
-1.0892419137e-20
1.7157212123e-19
6.3324430014e-05
-5.0451137616e-21
-9.3883799555e-14
-5.8620329807e-20
1.9480761319e-20
4.7803282188e-20
-1.2859802469e-20
-1.1114863150e-16
-3.5933903880e-17
-1.6600072767e-17
-2.1645069939e-17
-3.8410997446e-17
-1.2098408127e-18
8.9050207607e-18
-4.1670900474e-17
-1.7867596228e-18
9.5087779984e-18
-2.3803982658e-17
-2.2427719238e-18
5.0954476344e-18
-9.9451462280e-10
2.4262720915e-19
7.9109914132e-20
4.8833495257e-21
-9.4984261610e-20
-3.3274813704e-10
3.5704654458e-19
-2.6845742671e-20
5.2072560789e-20
-3.6657417945e-19
-1.5275128017e-19
1.1695661899e-05
-3.7068212435e-20
3.0641920761e-20
-2.0810383799e-20
3.1736329656e-20
2.2550084970e-20
-5.4098233750e-19
-1.9725575968e-18
-1.7814039663e-19
4.1654875611e-19
-4.3348937391e-09
1.2217398774e-20
-4.9424686277e-20
7.4865987759e-20
-1.1050420074e-19
-5.0451137616e-21
6.3324458877e-05
6.6811851787e-21
-3.3105452555e-21
1.7204029071e-20
-5.9529358169e-20
4.2842014325e-20
-8.3293640499e-17
-1.4942551445e-17
-9.9467438968e-18
-8.5555623319e-18
-8.7659429868e-17
-1.1506085806e-07
1.8336362217e-17
-1.0446431672e-16
-1.4307088755e-07
2.0392455823e-17
-7.2152486225e-17
-1.0335344914e-07
1.1731682842e-17
-1.8615913030e-19
-2.3010659475e-09
1.1698523810e-19
-1.0099536673e-19
2.5512622387e-19
-5.5646813553e-19
-4.1177025158e-09
4.5300305294e-19
-1.1164196590e-19
3.2161458451e-19
1.5823721344e-14
4.8218385114e-20
1.1695676216e-05
3.5196709132e-20
-4.9568259452e-20
5.0813306068e-20
-9.2858316441e-21
-1.3244192359e-19
-6.1786858736e-18
-7.9873499628e-09
1.0629357564e-18
-1.8537075460e-19
-8.1145450069e-09
1.3215556565e-19
-2.4322807183e-20
1.1837132385e-19
-9.3883799555e-14
6.6811851787e-21
6.3324329580e-05
5.0749217987e-20
-4.8015106775e-20
-3.6250543871e-20
2.0863410223e-21
-3.1385461429e-09
1.6838790495e-07
5.0690036908e-08
1.0100387278e-07
5.5283143172e-17
1.3756705982e-16
-4.1409564925e-07
6.4214469913e-17
1.6276060235e-16
-5.0274290783e-07
4.3993069674e-17
1.1142799793e-16
-3.5746940388e-07
2.4990353395e-19
-1.1235649013e-19
-2.6629266969e-09
-1.3436578275e-19
4.4788858079e-19
3.4349609128e-19
-2.2869073122e-19
-5.2753996963e-09
-1.2644568294e-19
5.4742050860e-19
-1.1573873281e-19
-5.3636477148e-20
7.2573194485e-20
1.1695684001e-05
-2.1592529244e-20
2.8570722114e-20
-1.3360345423e-20
2.3102713189e-09
3.7232218266e-18
9.4589309055e-18
-2.9712771554e-08
1.3017978443e-19
-1.5552653290e-20
-9.2889946312e-09
-1.2003671131e-19
-2.7166406143e-20
-5.8620329807e-20
-3.3105452555e-21
5.0749217987e-20
6.3324217607e-05
2.2279337899e-20
-5.7781421148e-20
-1.3836962276e-21
1.7888721049e-16
-2.2192914084e-17
-2.1358598217e-19
-1.1575681064e-17
-1.1506085791e-07
-6.9582191242e-18
3.3013640591e-18
-1.4307088737e-07
-8.0490306446e-18
3.1962677092e-18
-1.0335344902e-07
-5.4102746145e-18
1.4198429571e-18
-1.1788433883e-19
-8.4373567903e-21
-3.9712133508e-20
-2.3010659469e-09
7.3023611013e-20
-1.7221533689e-19
1.9601860432e-20
-1.4487482846e-19
-4.1177025146e-09
8.3475682847e-20
-5.4100192251e-22
1.4339246669e-20
-4.8506033297e-21
2.4424348989e-21
1.1695676216e-05
-3.3257097896e-21
-1.5823716840e-14
-4.5698588324e-19
-7.9873499521e-09
-4.5599626015e-19
1.1955033916e-19
1.2673106188e-20
2.0733801235e-20
-1.1946912914e-19
-8.1145450067e-09
1.3826142041e-20
1.9480761319e-20
1.7204029071e-20
-4.8015106775e-20
2.2279337899e-20
6.3324329580e-05
-3.4982278266e-21
9.3883720850e-14
6.9006138474e-17
4.5359819444e-17
1.4741393325e-17
3.2134995735e-17
1.6890584759e-17
2.2077854759e-17
-7.5137631768e-17
1.9615412523e-17
2.5008443044e-17
-8.8380347860e-17
1.3406804202e-17
1.5830307083e-17
-6.0368049337e-17
-3.9337046790e-19
3.7461230994e-20
-1.1245507192e-20
9.9088902363e-21
-9.9361574536e-10
-5.7974261663e-19
9.2274599633e-20
-1.1020338291e-19
-1.3826163737e-20
-3.2977390575e-10
2.2293291873e-20
9.3743334261e-20
-1.2645583824e-19
-3.0959718588e-20
-3.4324547418e-21
1.1695662077e-05
-8.7999008386e-20
7.0081400523e-19
1.1440583111e-18
1.3090735278e-18
-5.1873294518e-18
-7.5008319219e-20
2.7124715058e-20
-7.5887185404e-20
-1.3184182205e-20
-4.3314952636e-09
4.7803282188e-20
-5.9529358169e-20
-3.6250543871e-20
-5.7781421148e-20
-3.4982278266e-21
6.3324457759e-05
-3.1709821300e-20
6.8944829364e-17
-1.4283117387e-16
-4.0721167282e-17
-8.7813335709e-17
-8.2005144510e-10
1.2762100271e-18
4.4051633857e-18
-9.8568473638e-10
1.5754404227e-18
5.5586072997e-18
-7.0040034244e-10
6.8151421170e-19
4.3518615514e-18
-1.2120409076e-19
-1.5156704315e-20
9.1100047546e-20
3.6868145944e-13
7.3200611929e-20
-2.1461181676e-19
-3.3749819846e-20
1.9236779355e-19
1.2084239041e-12
1.4854810167e-19
-1.0332111782e-21
-6.7507052440e-21
-1.0246386124e-21
8.2765431093e-22
-1.6226356061e-14
1.7287016670e-20
1.1695634271e-05
-2.3370109013e-18
-5.8874794100e-11
4.4745018547e-20
3.7035613187e-19
-4.3170547414e-20
-2.0253370362e-21
3.4859887577e-20
1.3992402005e-12
2.9390590699e-20
-1.2859802469e-20
4.2842014325e-20
2.0863410223e-21
-1.3836962276e-21
9.3883720850e-14
-3.1709821300e-20
6.3324430014e-05
9.5072063522e-01
-1.8881445994e-03
4.2076347638e-02
2.7466406538e-03
3.1645820858e-16
-3.2716642650e-16
-1.3704810339e-05
-9.2674623655e-17
-2.4054483593e-17
-1.6170944918e-05
-1.8121094447e-17
1.9239524017e-16
-1.1712692307e-05
4.9686142259e-17
-4.5386497659e-17
-1.6633630992e-08
3.6568012957e-16
5.0302219194e-16
2.6894865716e-16
3.0895365671e-16
-4.8516178524e-09
-3.4983981687e-16
-2.8342817410e-16
-9.0090780211e-18
4.1105222116e-17
3.9819903816e-17
1.9598313024e-09
-6.2505749016e-16
-9.2299566074e-17
-3.3614677394e-18
-8.2537302833e-04
1.2777506629e-16
-1.6319434535e-16
-8.5310752950e-07
1.0929926609e-16
9.6465883196e-17
4.8239394434e-09
1.8876629241e-16
2.6398372042e-16
-7.4629273060e-17
-1.1114863150e-16
-8.3293640499e-17
-3.1385461429e-09
1.7888721049e-16
6.9006138474e-17
6.8944829364e-17
-1.8881445994e-03
3.4149059429e-01
1.0495059400e-01
2.0738855633e-01
3.0990763639e-17
-5.4401187836e-17
-1.8400786418e-05
1.7681096090e-16
-7.6449013004e-17
-2.4007009971e-05
-1.5887101987e-16
-1.4444023817e-16
-8.4273817209e-06
1.2128420647e-16
-2.6403931896e-18
2.6084460371e-07
6.7848046676e-17
-7.0065231635e-17
-1.0151809453e-16
5.7397538522e-17
-1.4690505976e-06
-1.9718573392e-16
5.8213150932e-17
-2.2353706727e-16
9.0974639676e-17
-5.8656010966e-17
-4.9780818343e-08
-4.0511756340e-17
-1.1643513701e-16
3.1655558126e-17
5.4686427153e-03
3.0842857399e-16
7.6345520142e-17
-1.6999711410e-05
-1.6761525979e-16
-1.4846331164e-16
2.4592833233e-06
1.0218187140e-17
8.8629086252e-17
1.2608448509e-16
-3.5933903880e-17
-1.4942551445e-17
1.6838790495e-07
-2.2192914084e-17
4.5359819444e-17
-1.4283117387e-16
4.2076347638e-02
1.0495059400e-01
3.7832937950e-02
6.1099169706e-02
-1.1854689333e-16
6.1220104194e-17
2.5827060063e-06
-1.1702128754e-16
7.9738516989e-17
2.5075636717e-06
-1.6165351969e-16
3.8150996645e-17
4.3553810340e-06
3.8358928070e-17
-2.6862140106e-18
6.0059123804e-08
3.7734459493e-17
9.6067718479e-19
-2.2870277760e-17
3.1985662757e-17
-4.4257410029e-07
-7.6433996627e-17
7.6933958489e-18
-6.9574622538e-17
3.0588152996e-17
-1.7209487284e-17
-1.5182462979e-08
-4.1159302148e-17
-3.9559007890e-17
9.4083383261e-18
1.6774128334e-03
9.0224231194e-17
1.8815423893e-17
-4.4686497763e-06
-4.6802235708e-17
-4.1427519120e-17
7.1849409581e-07
1.1263849650e-17
3.9457112591e-17
3.5001109873e-17
-1.6600072767e-17
-9.9467438968e-18
5.0690036908e-08
-2.1358598217e-19
1.4741393325e-17
-4.0721167282e-17
2.7466406538e-03
2.0738855633e-01
6.1099169706e-02
1.3617349270e-01
-8.4811361656e-17
4.4250896255e-17
9.0956395018e-05
-1.7677328039e-17
4.7053739953e-17
1.0885264841e-04
-1.8852057674e-16
-3.3782976914e-17
8.2931760474e-05
7.2174914150e-17
-1.6147889650e-18
1.5158899968e-07
4.2991517786e-17
-3.9881097531e-17
-6.1541812622e-17
3.8502516667e-17
-1.0771651429e-06
-1.2521198739e-16
3.5232542940e-17
-1.3587133924e-16
5.6049344309e-17
-3.4728760900e-17
-3.0511481639e-08
-2.7456906619e-17
-7.3721119267e-17
1.9481966557e-17
3.3416568502e-03
1.8654780536e-16
5.6016344954e-17
-3.6847549181e-06
-1.0448134050e-16
-8.8950289481e-17
1.5725936629e-06
8.5414290957e-18
5.7276561667e-17
7.9061803432e-17
-2.1645069939e-17
-8.5555623319e-18
1.0100387278e-07
-1.1575681064e-17
3.2134995735e-17
-8.7813335709e-17
3.1645820858e-16
3.0990763639e-17
-1.1854689333e-16
-8.4811361656e-17
1.6705812356e-01
2.3496486331e-18
7.8836491193e-18
1.9238273279e-01
5.1149704496e-18
6.3472918384e-18
1.2787416341e-01
-1.5544001290e-18
-6.4914411470e-18
-6.2813407699e-17
-6.8320941315e-19
4.2871888322e-18
-3.4157276280e-07
3.6069373290e-17
4.9470688902e-17
1.8423143432e-18
2.7459349264e-18
1.1498206546e-06
-1.5477100887e-17
-2.9481254545e-17
1.9871648989e-17
2.0791581976e-17
-2.1353125465e-17
1.6017002677e-07
-2.6441372050e-17
3.2926999749e-10
2.1988332408e-17
1.0888756078e-02
-5.8307460334e-19
1.8623925927e-17
-1.8286459822e-17
-1.2103785069e-17
-1.3075882267e-17
-2.0757593022e-06
1.4078474074e-17
-2.6238379105e-17
-3.8410997446e-17
-8.7659429868e-17
5.5283143172e-17
-1.1506085791e-07
1.6890584759e-17
-8.2005144510e-10
-3.2716642650e-16
-5.4401187836e-17
6.1220104194e-17
4.4250896255e-17
2.3496486331e-18
1.6705812356e-01
6.4273680460e-17
-1.2138159505e-17
1.9238273279e-01
2.2385429940e-18
2.7471867889e-18
1.2787416341e-01
-7.1003057830e-17
1.1479424739e-17
-3.4157276294e-07
2.9268645079e-17
2.2908649834e-18
2.3354992539e-17
-8.8609578070e-17
1.1498206545e-06
-1.0089376100e-16
-1.6684103678e-18
7.0907706039e-18
-3.2926994949e-10
1.4758499958e-17
1.6017002662e-07
-3.6277898575e-17
3.8090972600e-18
-2.8640222965e-17
-2.2972247391e-18
-2.7348943944e-17
2.4161987702e-18
1.0888756078e-02
-8.8838845405e-18
1.5105414218e-16
-2.0757593022e-06
-3.5947678119e-17
-2.0516904207e-18
1.9488359420e-17
8.2005140169e-10
-1.2098408127e-18
-1.1506085806e-07
1.3756705982e-16
-6.9582191242e-18
2.2077854759e-17
1.2762100271e-18
-1.3704810339e-05
-1.8400786418e-05
2.5827060063e-06
9.0956395018e-05
7.8836491193e-18
6.4273680460e-17
1.6703997078e-01
6.8584503574e-18
7.8493632782e-17
1.9237560255e-01
2.0368274673e-18
9.5249123399e-18
1.2781165687e-01
-6.4367581312e-17
1.2561791124e-17
-1.2432340601e-06
-1.0628893680e-18
4.0184361499e-17
6.7299331868e-17
-2.2053110367e-17
6.1655125785e-06
-1.3607435173e-18
-1.0442527070e-16
5.9551809638e-18
3.4747814555e-17
2.8391588988e-17
2.9409103135e-07
2.5877803717e-19
-7.3623828728e-18
-1.8356715599e-19
-1.1236353970e-04
-9.3803163414e-18
-8.5384672571e-17
1.1013625135e-02
-4.4449697847e-17
1.7698747631e-17
-1.4357827509e-05
-1.2018642944e-17
6.2888909595e-17
-2.6327489767e-17
8.9050207607e-18
1.8336362217e-17
-4.1409564925e-07
3.3013640591e-18
-7.5137631768e-17
4.4051633857e-18
-9.2674623655e-17
1.7681096090e-16
-1.1702128754e-16
-1.7677328039e-17
1.9238273279e-01
-1.2138159505e-17
6.8584503574e-18
2.2754798262e-01
-1.1172672135e-17
4.0562551609e-18
1.5402696838e-01
-1.2561130101e-17
-1.0015845075e-17
-7.3199507095e-17
-5.7417378500e-19
4.6771123741e-18
-3.9668507787e-07
4.2416693638e-17
5.7877644702e-17
2.5637878059e-18
3.2606721755e-18
1.4115188506e-06
-1.7828557340e-17
-3.3474023714e-17
2.2574083072e-17
2.4313518571e-17
-2.3803346792e-17
1.8555291797e-07
-3.0950166643e-17
3.9589987537e-10
2.8843769799e-17
1.3185344320e-02
-1.2492984427e-18
2.2342488853e-17
-2.0908961910e-17
-1.5088762586e-17
-1.6484484492e-17
-2.5255334852e-06
1.6377132997e-17
-3.1399078565e-17
-4.1670900474e-17
-1.0446431672e-16
6.4214469913e-17
-1.4307088737e-07
1.9615412523e-17
-9.8568473638e-10
-2.4054483593e-17
-7.6449013004e-17
7.9738516989e-17
4.7053739953e-17
5.1149704496e-18
1.9238273279e-01
7.8493632782e-17
-1.1172672135e-17
2.2754798262e-01
1.1209576298e-17
4.8029065891e-18
1.5402696838e-01
-7.4191970431e-17
1.4439442655e-17
-3.9668507803e-07
3.5373151530e-17
2.5370481486e-18
2.5701997420e-17
-1.0320822419e-16
1.4115188504e-06
-1.2052820093e-16
-1.7688501099e-18
8.4340373809e-18
-3.9589981960e-10
1.6000861883e-17
1.8555291780e-07
-4.3150759359e-17
4.4406114564e-18
-3.2891608887e-17
-2.6533443306e-18
-3.3213704433e-17
3.1197075833e-18
1.3185344320e-02
-8.7976165871e-18
1.7881903203e-16
-2.5255334852e-06
-4.5161642195e-17
-2.7384711245e-18
2.3109038743e-17
9.8568468529e-10
-1.7867596228e-18
-1.4307088755e-07
1.6276060235e-16
-8.0490306446e-18
2.5008443044e-17
1.5754404227e-18
-1.6170944918e-05
-2.4007009971e-05
2.5075636717e-06
1.0885264841e-04
6.3472918384e-18
2.2385429940e-18
1.9237560255e-01
4.0562551609e-18
1.1209576298e-17
2.2755667789e-01
-3.7139197969e-19
-4.1675810432e-17
1.5396333342e-01
-7.4910143061e-17
1.4017627168e-17
-1.4759082590e-06
-8.4307732735e-19
4.6396857888e-17
7.7159389028e-17
-2.3695866982e-17
7.4796690141e-06
-1.6861162572e-18
-1.1993504969e-16
6.6283436953e-18
4.2144622859e-17
3.2941884303e-17
3.4479456295e-07
3.9384727682e-19
-8.5166449671e-18
-2.8334837234e-19
-1.3577981275e-04
-1.1942414953e-17
-1.0149786168e-16
1.3337240074e-02
-5.0201030945e-17
1.9466669259e-17
-1.7341188421e-05
-1.3344484530e-17
7.3046373718e-17
-3.0061855708e-17
9.5087779984e-18
2.0392455823e-17
-5.0274290783e-07
3.1962677092e-18
-8.8380347860e-17
5.5586072997e-18
-1.8121094447e-17
-1.5887101987e-16
-1.6165351969e-16
-1.8852057674e-16
1.2787416341e-01
2.7471867889e-18
2.0368274673e-18
1.5402696838e-01
4.8029065891e-18
-3.7139197969e-19
1.0997900717e-01
-1.1223919456e-18
-9.2112281821e-18
-4.8626191455e-17
-4.9909062404e-19
2.8540609926e-18
-2.6990060322e-07
2.8568019352e-17
3.9640824841e-17
1.4171270466e-18
2.4042546669e-18
9.7378433949e-07
-1.2162710938e-17
-2.2113474549e-17
1.3813116482e-17
1.6560705422e-17
-1.5903397551e-17
1.1031286195e-07
-2.0878337381e-17
2.8156477408e-10
1.5425990556e-17
9.3098851758e-03
2.6260684494e-20
1.5582849617e-17
-1.3521153246e-17
-1.1760599241e-17
-1.2435664654e-17
-1.8829710901e-06
1.0849156146e-17
-2.1109289030e-17
-2.3803982658e-17
-7.2152486225e-17
4.3993069674e-17
-1.0335344902e-07
1.3406804202e-17
-7.0040034244e-10
1.9239524017e-16
-1.4444023817e-16
3.8150996645e-17
-3.3782976914e-17
-1.5544001290e-18
1.2787416341e-01
9.5249123399e-18
-1.2561130101e-17
1.5402696838e-01
-4.1675810432e-17
-1.1223919456e-18
1.0997900717e-01
-7.5750619053e-17
9.7814944334e-18
-2.6990060333e-07
2.5429689908e-17
1.3632211786e-18
1.6085426852e-17
-7.0855167747e-17
9.7378433941e-07
-8.4122575552e-17
-1.1683596641e-18
7.6763825159e-18
-2.8156473701e-10
9.4902354192e-18
1.1031286183e-07
-2.9978486153e-17
2.9863516822e-18
-2.1392844742e-17
-1.6454674313e-18
-2.5323225948e-17
1.8307240967e-18
9.3098851758e-03
-6.8487240436e-18
1.2387301610e-16
-1.8829710901e-06
-3.2759593262e-17
-2.1140567984e-18
1.6116645087e-17
7.0040030743e-10
-2.2427719238e-18
-1.0335344914e-07
1.1142799793e-16
-5.4102746145e-18
1.5830307083e-17
6.8151421170e-19
-1.1712692307e-05
-8.4273817209e-06
4.3553810340e-06
8.2931760474e-05
-6.4914411470e-18
-7.1003057830e-17
1.2781165687e-01
-1.0015845075e-17
-7.4191970431e-17
1.5396333342e-01
-9.2112281821e-18
-7.5750619053e-17
1.0988372748e-01
-5.1902478997e-17
9.1096148953e-18
-1.0401920515e-06
-2.1495468104e-19
3.0439103219e-17
5.2833567893e-17
-1.3407689227e-17
5.2848155506e-06
-1.2268176441e-18
-7.7941763612e-17
3.4209847575e-18
2.9510251722e-17
2.1927597308e-17
2.1801914688e-07
5.4732490656e-19
-6.0218751100e-18
-2.9779004855e-19
-9.6478564921e-05
-9.8295256142e-18
-7.1408155164e-17
9.4138585695e-03
-3.3932885014e-17
1.2535242637e-17
-1.2437297949e-05
-8.0886841539e-18
4.8505264004e-17
-1.9092597514e-17
5.0954476344e-18
1.1731682842e-17
-3.5746940388e-07
1.4198429571e-18
-6.0368049337e-17
4.3518615514e-18
4.9686142259e-17
1.2128420647e-16
3.8358928070e-17
7.2174914150e-17
-6.2813407699e-17
1.1479424739e-17
-6.4367581312e-17
-7.3199507095e-17
1.4439442655e-17
-7.4910143061e-17
-4.8626191455e-17
9.7814944334e-18
-5.1902478997e-17
4.6221372643e-04
4.2666549467e-19
-2.7462790119e-20
-4.4350055023e-20
-7.3236583442e-19
4.3366432266e-04
-1.4757922958e-19
4.6876085783e-19
-2.1480109025e-19
2.6182787590e-19
1.0641422206e-19
1.0953894782e-09
-2.8326108005e-19
-3.7384603289e-20
9.9515554923e-20
1.4773286311e-19
4.7818203814e-20
3.1047738915e-18
-4.1155372235e-18
1.1461599260e-18
-4.3805595267e-18
1.8041861233e-05
6.0245205747e-20
-9.2368595836e-19
-1.4486390572e-19
-6.7671823415e-19
-2.3201774970e-20
-9.9451462280e-10
-1.8615913030e-19
2.4990353395e-19
-1.1788433883e-19
-3.9337046790e-19
-1.2120409076e-19
-4.5386497659e-17
-2.6403931896e-18
-2.6862140106e-18
-1.6147889650e-18
-6.8320941315e-19
-3.4157276294e-07
1.2561791124e-17
-5.7417378500e-19
-3.9668507803e-07
1.4017627168e-17
-4.9909062404e-19
-2.6990060333e-07
9.1096148953e-18
4.2666549467e-19
4.6220603475e-04
-1.8258459554e-19
-6.9687943236e-20
-5.9079156415e-19
4.3860151420e-19
4.3366151071e-04
5.5359831467e-20
-2.4453001508e-19
-9.9115080198e-19
1.4477296387e-13
-9.4758415573e-20
2.2223676968e-09
1.2400418193e-19
-1.7808277932e-20
-3.3712058581e-20
1.2737480993e-20
-5.2519358588e-19
9.3456686051e-21
-2.7231769365e-08
8.0687710012e-19
6.6006940500e-19
1.8053070530e-05
-2.5630662608e-19
6.5410926405e-20
-6.2443042581e-19
-3.6868205657e-13
2.4262720915e-19
-2.3010659475e-09
-1.1235649013e-19
-8.4373567903e-21
3.7461230994e-20
-1.5156704315e-20
-1.6633630992e-08
2.6084460371e-07
6.0059123804e-08
1.5158899968e-07
4.2871888322e-18
2.9268645079e-17
-1.2432340601e-06
4.6771123741e-18
3.5373151530e-17
-1.4759082590e-06
2.8540609926e-18
2.5429689908e-17
-1.0401920515e-06
-2.7462790119e-20
-1.8258459554e-19
4.6220374400e-04
-1.1840190419e-19
9.4344693482e-20
8.5532963086e-20
2.4009322245e-19
4.3366067351e-04
-2.0363316630e-20
-4.8572870448e-19
6.0786317636e-21
-7.7330340084e-20
-1.8738171362e-20
2.5893491876e-09
-3.9612466551e-20
4.0934168679e-20
-3.9560890007e-20
3.3836745563e-08
1.5236925582e-19
2.2977652880e-18
-9.6020376531e-08
-6.4378679895e-19
-1.3978621298e-19
1.8057514347e-05
-6.3717689375e-20
1.6346790819e-19
-3.4404933798e-20
7.9109914132e-20
1.1698523810e-19
-2.6629266969e-09
-3.9712133508e-20
-1.1245507192e-20
9.1100047546e-20
3.6568012957e-16
6.7848046676e-17
3.7734459493e-17
4.2991517786e-17
-3.4157276280e-07
2.2908649834e-18
-1.0628893680e-18
-3.9668507787e-07
2.5370481486e-18
-8.4307732735e-19
-2.6990060322e-07
1.3632211786e-18
-2.1495468104e-19
-4.4350055023e-20
-6.9687943236e-20
-1.1840190419e-19
4.6220603475e-04
6.0920758730e-20
-1.3279702981e-19
1.9569602774e-19
-2.1057668500e-19
4.3366151071e-04
3.5322580532e-20
3.3133750184e-21
-9.4005338523e-20
4.4875792735e-20
-2.1844136016e-19
2.2223676972e-09
1.4495351161e-20
-1.4477287891e-13
8.3900214705e-19
-2.7231769356e-08
9.5130714085e-20
-2.7341684954e-19
-9.0788914138e-20
4.6227551002e-20
3.8969569107e-19
1.8053070530e-05
-5.8146274734e-20
-1.4481344685e-19
4.8833495257e-21
-1.0099536673e-19
-1.3436578275e-19
-2.3010659469e-09
9.9088902363e-21
3.6868145944e-13
5.0302219194e-16
-7.0065231635e-17
9.6067718479e-19
-3.9881097531e-17
3.6069373290e-17
2.3354992539e-17
4.0184361499e-17
4.2416693638e-17
2.5701997420e-17
4.6396857888e-17
2.8568019352e-17
1.6085426852e-17
3.0439103219e-17
-7.3236583442e-19
-5.9079156415e-19
9.4344693482e-20
6.0920758730e-20
4.6221372567e-04
4.8799897108e-19
-7.3921536283e-20
-1.0761032217e-19
5.8780936877e-20
4.3366432181e-04
-2.1960850083e-19
-5.5866064499e-20
-2.6717739260e-19
-2.4511257007e-19
-4.7413131237e-21
1.0950365098e-09
-2.1280866701e-20
-1.2450064042e-18
2.4613703418e-18
1.1416428534e-18
2.5169961269e-18
-3.1870520618e-19
4.2716026700e-20
-1.4632033337e-19
5.3397913547e-20
1.8041849117e-05
7.0870118240e-19
-9.4984261610e-20
2.5512622387e-19
4.4788858079e-19
7.3023611013e-20
-9.9361574536e-10
7.3200611929e-20
2.6894865716e-16
-1.0151809453e-16
-2.2870277760e-17
-6.1541812622e-17
4.9470688902e-17
-8.8609578070e-17
6.7299331868e-17
5.7877644702e-17
-1.0320822419e-16
7.7159389028e-17
3.9640824841e-17
-7.0855167747e-17
5.2833567893e-17
4.3366432266e-04
4.3860151420e-19
8.5532963086e-20
-1.3279702981e-19
4.8799897108e-19
9.3441663781e-04
-6.3449077787e-19
8.0783292117e-19
-2.3527433691e-19
2.8196326728e-18
-1.9595265618e-20
2.3029867832e-09
-4.0095932547e-19
-1.4856265535e-19
1.9192962156e-19
1.5093926120e-19
4.0723357559e-20
6.8011714059e-19
3.3530794653e-18
-5.2607084758e-18
4.4798856876e-18
1.4653344029e-04
1.6675234535e-19
-1.3333659815e-18
-1.9239350000e-19
-8.1349964016e-19
5.1379693225e-21
-3.3274813704e-10
-5.5646813553e-19
3.4349609128e-19
-1.7221533689e-19
-5.7974261663e-19
-2.1461181676e-19
3.0895365671e-16
5.7397538522e-17
3.1985662757e-17
3.8502516667e-17
1.8423143432e-18
1.1498206545e-06
-2.2053110367e-17
2.5637878059e-18
1.4115188504e-06
-2.3695866982e-17
1.4171270466e-18
9.7378433941e-07
-1.3407689227e-17
-1.4757922958e-19
4.3366151071e-04
2.4009322245e-19
1.9569602774e-19
-7.3921536283e-20
-6.3449077787e-19
9.3438135234e-04
4.7923182309e-19
-3.1154313786e-19
-7.0341940612e-19
7.3430505211e-13
-7.4873553587e-20
5.4507643584e-09
2.4578007312e-19
-5.1802342086e-20
1.1108509195e-19
8.3603422819e-21
1.0721515613e-19
2.1296025898e-19
5.0457350130e-08
-9.9869062624e-19
8.3322821203e-19
1.4655735688e-04
9.1567423693e-21
1.5530647348e-19
-4.2853570777e-19
-1.2084246486e-12
3.5704654458e-19
-4.1177025158e-09
-2.2869073122e-19
1.9601860432e-20
9.2274599633e-20
-3.3749819846e-20
-4.8516178524e-09
-1.4690505976e-06
-4.4257410029e-07
-1.0771651429e-06
2.7459349264e-18
-1.0089376100e-16
6.1655125785e-06
3.2606721755e-18
-1.2052820093e-16
7.4796690141e-06
2.4042546669e-18
-8.4122575552e-17
5.2848155506e-06
4.6876085783e-19
5.5359831467e-20
4.3366067351e-04
-2.1057668500e-19
-1.0761032217e-19
8.0783292117e-19
4.7923182309e-19
9.3436418486e-04
-2.1917669090e-19
-1.0480066275e-18
3.9211367872e-20
-1.0219130757e-19
-2.9006972416e-19
6.5091509848e-09
-2.0522636313e-20
4.2383310045e-19
-4.6792772703e-20
8.9946346243e-08
1.0245353632e-19
-7.1718789030e-18
3.9018429207e-07
-7.5798736933e-19
-2.8063510448e-19
1.4656613414e-04
-1.8141530106e-19
1.7620433412e-19
-9.0114814221e-20
-2.6845742671e-20
4.5300305294e-19
-5.2753996963e-09
-1.4487482846e-19
-1.1020338291e-19
1.9236779355e-19
-3.4983981687e-16
-1.9718573392e-16
-7.6433996627e-17
-1.2521198739e-16
1.1498206546e-06
-1.6684103678e-18
-1.3607435173e-18
1.4115188506e-06
-1.7688501099e-18
-1.6861162572e-18
9.7378433949e-07
-1.1683596641e-18
-1.2268176441e-18
-2.1480109025e-19
-2.4453001508e-19
-2.0363316630e-20
4.3366151071e-04
5.8780936877e-20
-2.3527433691e-19
-3.1154313786e-19
-2.1917669090e-19
9.3438135234e-04
-7.5658654002e-21
7.2990833917e-20
-1.2694472414e-19
4.8374563409e-20
-2.4206108954e-19
5.4507643587e-09
5.1828592142e-20
-7.3430493640e-13
-2.8206002914e-18
5.0457350136e-08
-1.3158348308e-19
-4.5945157138e-19
-2.5035908292e-19
8.5194947961e-20
8.4216676753e-19
1.4655735688e-04
-7.4146687039e-20
-1.5347908806e-19
5.2072560789e-20
-1.1164196590e-19
-1.2644568294e-19
-4.1177025146e-09
-1.3826163737e-20
1.2084239041e-12
-2.8342817410e-16
5.8213150932e-17
7.6933958489e-18
3.5232542940e-17
-1.5477100887e-17
7.0907706039e-18
-1.0442527070e-16
-1.7828557340e-17
8.4340373809e-18
-1.1993504969e-16
-1.2162710938e-17
7.6763825159e-18
-7.7941763612e-17
2.6182787590e-19
-9.9115080198e-19
-4.8572870448e-19
3.5322580532e-20
4.3366432181e-04
2.8196326728e-18
-7.0341940612e-19
-1.0480066275e-18
-7.5658654002e-21
9.3441669272e-04
-1.8840571460e-19
3.5660858811e-20
-2.9733461313e-19
-4.6878852092e-19
1.1661082060e-20
2.3011828577e-09
-2.8700093207e-20
1.5991289030e-18
-9.2138536887e-19
1.6092478267e-19
-7.0275895555e-18
-2.5344748949e-19
9.8743671689e-20
-4.8881736973e-19
9.3301589056e-21
1.4653340529e-04
1.0602564557e-18
-3.6657417945e-19
3.2161458451e-19
5.4742050860e-19
8.3475682847e-20
-3.2977390575e-10
1.4854810167e-19
-9.0090780211e-18
-2.2353706727e-16
-6.9574622538e-17
-1.3587133924e-16
-2.9481254545e-17
-3.2926994949e-10
5.9551809638e-18
-3.3474023714e-17
-3.9589981960e-10
6.6283436953e-18
-2.2113474549e-17
-2.8156473701e-10
3.4209847575e-18
1.0641422206e-19
1.4477296387e-13
6.0786317636e-21
3.3133750184e-21
-2.1960850083e-19
-1.9595265618e-20
7.3430505211e-13
3.9211367872e-20
7.2990833917e-20
-1.8840571460e-19
1.0068526449e-04
1.6041696371e-19
-1.6804061155e-14
-2.7846438478e-20
-1.5313606276e-20
-2.9644362842e-19
2.8405306479e-20
-3.4750934092e-18
-1.8497374383e-18
-2.3597462392e-11
3.2891120376e-19
-1.8927987325e-20
3.3488146286e-13
-1.0698509407e-21
2.1070188287e-20
-1.6084255222e-20
1.1695634271e-05
-1.5275128017e-19
1.5823721344e-14
-1.1573873281e-19
-5.4100192251e-22
2.2293291873e-20
-1.0332111782e-21
4.1105222116e-17
9.0974639676e-17
3.0588152996e-17
5.6049344309e-17
1.9871648989e-17
1.4758499958e-17
3.4747814555e-17
2.2574083072e-17
1.6000861883e-17
4.2144622859e-17
1.3813116482e-17
9.4902354192e-18
2.9510251722e-17
1.0953894782e-09
-9.4758415573e-20
-7.7330340084e-20
-9.4005338523e-20
-5.5866064499e-20
2.3029867832e-09
-7.4873553587e-20
-1.0219130757e-19
-1.2694472414e-19
3.5660858811e-20
1.6041696371e-19
1.0068390804e-04
1.3389597556e-19
-4.4373077183e-20
-9.8327478374e-21
-3.2822893026e-19
-2.2058468964e-20
1.2565422515e-18
1.2222833207e-18
8.1427189855e-19
2.4839241164e-18
2.2712069948e-09
3.4530961799e-20
6.5875716655e-21
3.7296714320e-20
-1.9326562789e-20
-1.0117180301e-19
1.1695661899e-05
4.8218385114e-20
-5.3636477148e-20
1.4339246669e-20
9.3743334261e-20
-6.7507052440e-21
3.9819903816e-17
-5.8656010966e-17
-1.7209487284e-17
-3.4728760900e-17
2.0791581976e-17
1.6017002662e-07
2.8391588988e-17
2.4313518571e-17
1.8555291780e-07
3.2941884303e-17
1.6560705422e-17
1.1031286183e-07
2.1927597308e-17
-2.8326108005e-19
2.2223676968e-09
-1.8738171362e-20
4.4875792735e-20
-2.6717739260e-19
-4.0095932547e-19
5.4507643584e-09
-2.9006972416e-19
4.8374563409e-20
-2.9733461313e-19
-1.6804061155e-14
1.3389597556e-19
1.0068310996e-04
-6.9654702738e-20
4.3441068733e-20
-1.0775196781e-19
5.1685480316e-21
-7.2131280786e-19
1.3962857957e-18
5.0010027342e-09
1.9924280365e-18
-4.2974742668e-20
4.3850823515e-09
-3.0961541335e-20
-3.2656923227e-20
-1.0366294414e-19
1.6226318723e-14
-3.7068212435e-20
1.1695676216e-05
7.2573194485e-20
-4.8506033297e-21
-1.2645583824e-19
-1.0246386124e-21
1.9598313024e-09
-4.9780818343e-08
-1.5182462979e-08
-3.0511481639e-08
-2.1353125465e-17
-3.6277898575e-17
2.9409103135e-07
-2.3803346792e-17
-4.3150759359e-17
3.4479456295e-07
-1.5903397551e-17
-2.9978486153e-17
2.1801914688e-07
-3.7384603289e-20
1.2400418193e-19
2.5893491876e-09
-2.1844136016e-19
-2.4511257007e-19
-1.4856265535e-19
2.4578007312e-19
6.5091509848e-09
-2.4206108954e-19
-4.6878852092e-19
-2.7846438478e-20
-4.4373077183e-20
-6.9654702738e-20
1.0068285202e-04
1.6325231569e-20
1.0343761367e-19
2.2444271588e-20
-2.3778468046e-10
-1.3338604156e-18
-2.5127492638e-18
1.3390209105e-08
4.4118708247e-20
8.6471879344e-20
5.1087769753e-09
-1.4300421185e-19
-5.0286283176e-20
-5.9884200153e-21
3.0641920761e-20
3.5196709132e-20
1.1695684001e-05
2.4424348989e-21
-3.0959718588e-20
8.2765431093e-22
-6.2505749016e-16
-4.0511756340e-17
-4.1159302148e-17
-2.7456906619e-17
1.6017002677e-07
3.8090972600e-18
2.5877803717e-19
1.8555291797e-07
4.4406114564e-18
3.9384727682e-19
1.1031286195e-07
2.9863516822e-18
5.4732490656e-19
9.9515554923e-20
-1.7808277932e-20
-3.9612466551e-20
2.2223676972e-09
-4.7413131237e-21
1.9192962156e-19
-5.1802342086e-20
-2.0522636313e-20
5.4507643587e-09
1.1661082060e-20
-1.5313606276e-20
-9.8327478374e-21
4.3441068733e-20
1.6325231569e-20
1.0068310996e-04
-1.2765442159e-20
1.6804006166e-14
-1.7111628504e-19
5.0010027439e-09
2.5440120055e-19
4.5826693042e-20
1.1611961393e-19
-2.6115357120e-20
-4.6555763033e-20
4.3850823517e-09
4.3441426234e-20
-2.0322995447e-20
-2.0810383799e-20
-4.9568259452e-20
-2.1592529244e-20
1.1695676216e-05
-3.4324547418e-21
-1.6226356061e-14
-9.2299566074e-17
-1.1643513701e-16
-3.9559007890e-17
-7.3721119267e-17
-2.6441372050e-17
-2.8640222965e-17
-7.3623828728e-18
-3.0950166643e-17
-3.2891608887e-17
-8.5166449671e-18
-2.0878337381e-17
-2.1392844742e-17
-6.0218751100e-18
1.4773286311e-19
-3.3712058581e-20
4.0934168679e-20
1.4495351161e-20
1.0950365098e-09
1.5093926120e-19
1.1108509195e-19
4.2383310045e-19
5.1828592142e-20
2.3011828577e-09
-2.9644362842e-19
-3.2822893026e-19
-1.0775196781e-19
1.0343761367e-19
-1.2765442159e-20
1.0068390807e-04
4.0193313333e-20
-1.7921027629e-18
-1.7802486214e-18
-1.8285327526e-18
-4.0778363982e-19
3.7112402669e-20
-2.9646909170e-20
-7.3686988734e-20
2.7760069127e-20
2.2703975112e-09
1.1243816319e-19
3.1736329656e-20
5.0813306068e-20
2.8570722114e-20
-3.3257097896e-21
1.1695662077e-05
1.7287016670e-20
-3.3614677394e-18
3.1655558126e-17
9.4083383261e-18
1.9481966557e-17
3.2926999749e-10
-2.2972247391e-18
-1.8356715599e-19
3.9589987537e-10
-2.6533443306e-18
-2.8334837234e-19
2.8156477408e-10
-1.6454674313e-18
-2.9779004855e-19
4.7818203814e-20
1.2737480993e-20
-3.9560890007e-20
-1.4477287891e-13
-2.1280866701e-20
4.0723357559e-20
8.3603422819e-21
-4.6792772703e-20
-7.3430493640e-13
-2.8700093207e-20
2.8405306479e-20
-2.2058468964e-20
5.1685480316e-21
2.2444271588e-20
1.6804006166e-14
4.0193313333e-20
1.0068526449e-04
5.4702529936e-19
2.3597465479e-11
-1.4999297053e-19
-3.2227024755e-20
5.7970875776e-21
4.8107139301e-22
-2.1502138973e-20
-3.3488149175e-13
-2.1274196878e-20
5.9483228920e-22
2.2550084970e-20
-9.2858316441e-21
-1.3360345423e-20
-1.5823716840e-14
-8.7999008386e-20
1.1695634271e-05
-8.2537302833e-04
5.4686427153e-03
1.6774128334e-03
3.3416568502e-03
2.1988332408e-17
-2.7348943944e-17
-1.1236353970e-04
2.8843769799e-17
-3.3213704433e-17
-1.3577981275e-04
1.5425990556e-17
-2.5323225948e-17
-9.6478564921e-05
3.1047738915e-18
-5.2519358588e-19
3.3836745563e-08
8.3900214705e-19
-1.2450064042e-18
6.8011714059e-19
1.0721515613e-19
8.9946346243e-08
-2.8206002914e-18
1.5991289030e-18
-3.4750934092e-18
1.2565422515e-18
-7.2131280786e-19
-2.3778468046e-10
-1.7111628504e-19
-1.7921027629e-18
5.4702529936e-19
1.2349507079e-04
6.4921266280e-18
-4.7988647357e-19
-8.3802673485e-06
-2.1355526043e-18
-2.5083951708e-18
1.3708298682e-07
4.1930583334e-20
1.5280655285e-18
2.0676185923e-18
-5.4098233750e-19
-1.3244192359e-19
2.3102713189e-09
-4.5698588324e-19
7.0081400523e-19
-2.3370109013e-18
1.2777506629e-16
3.0842857399e-16
9.0224231194e-17
1.8654780536e-16
1.0888756078e-02
2.4161987702e-18
-9.3803163414e-18
1.3185344320e-02
3.1197075833e-18
-1.1942414953e-17
9.3098851758e-03
1.8307240967e-18
-9.8295256142e-18
-4.1155372235e-18
9.3456686051e-21
1.5236925582e-19
-2.7231769356e-08
2.4613703418e-18
3.3530794653e-18
2.1296025898e-19
1.0245353632e-19
5.0457350136e-08
-9.2138536887e-19
-1.8497374383e-18
1.2222833207e-18
1.3962857957e-18
-1.3338604156e-18
5.0010027439e-09
-1.7802486214e-18
2.3597465479e-11
6.4921266280e-18
7.6591818179e-04
1.3045922488e-19
5.4701471995e-19
-1.1493896106e-18
-9.5778565171e-19
-1.0665554268e-18
-1.8749337595e-07
9.6437384040e-19
-1.7743923591e-18
-1.9725575968e-18
-6.1786858736e-18
3.7232218266e-18
-7.9873499521e-09
1.1440583111e-18
-5.8874794100e-11
-1.6319434535e-16
7.6345520142e-17
1.8815423893e-17
5.6016344954e-17
-5.8307460334e-19
1.0888756078e-02
-8.5384672571e-17
-1.2492984427e-18
1.3185344320e-02
-1.0149786168e-16
2.6260684494e-20
9.3098851758e-03
-7.1408155164e-17
1.1461599260e-18
-2.7231769365e-08
2.2977652880e-18
9.5130714085e-20
1.1416428534e-18
-5.2607084758e-18
5.0457350130e-08
-7.1718789030e-18
-1.3158348308e-19
1.6092478267e-19
-2.3597462392e-11
8.1427189855e-19
5.0010027342e-09
-2.5127492638e-18
2.5440120055e-19
-1.8285327526e-18
-1.4999297053e-19
-4.7988647357e-19
1.3045922488e-19
7.6591818179e-04
-6.2031697216e-18
1.0716287879e-17
-1.8749337595e-07
-2.7564941011e-18
-1.8590596185e-19
1.2395589351e-18
5.8874791120e-11
-1.7814039663e-19
-7.9873499628e-09
9.4589309055e-18
-4.5599626015e-19
1.3090735278e-18
4.4745018547e-20
-8.5310752950e-07
-1.6999711410e-05
-4.4686497763e-06
-3.6847549181e-06
1.8623925927e-17
-8.8838845405e-18
1.1013625135e-02
2.2342488853e-17
-8.7976165871e-18
1.3337240074e-02
1.5582849617e-17
-6.8487240436e-18
9.4138585695e-03
-4.3805595267e-18
8.0687710012e-19
-9.6020376531e-08
-2.7341684954e-19
2.5169961269e-18
4.4798856876e-18
-9.9869062624e-19
3.9018429207e-07
-4.5945157138e-19
-7.0275895555e-18
3.2891120376e-19
2.4839241164e-18
1.9924280365e-18
1.3390209105e-08
4.5826693042e-20
-4.0778363982e-19
-3.2227024755e-20
-8.3802673485e-06
5.4701471995e-19
-6.2031697216e-18
7.8389823189e-04
-2.9080187188e-18
1.0965076379e-18
-1.1053206303e-06
-7.5729397096e-19
4.0754851866e-18
-1.6421816410e-18
4.1654875611e-19
1.0629357564e-18
-2.9712771554e-08
1.1955033916e-19
-5.1873294518e-18
3.7035613187e-19
1.0929926609e-16
-1.6761525979e-16
-4.6802235708e-17
-1.0448134050e-16
-1.8286459822e-17
1.5105414218e-16
-4.4449697847e-17
-2.0908961910e-17
1.7881903203e-16
-5.0201030945e-17
-1.3521153246e-17
1.2387301610e-16
-3.3932885014e-17
1.8041861233e-05
6.6006940500e-19
-6.4378679895e-19
-9.0788914138e-20
-3.1870520618e-19
1.4653344029e-04
8.3322821203e-19
-7.5798736933e-19
-2.5035908292e-19
-2.5344748949e-19
-1.8927987325e-20
2.2712069948e-09
-4.2974742668e-20
4.4118708247e-20
1.1611961393e-19
3.7112402669e-20
5.7970875776e-21
-2.1355526043e-18
-1.1493896106e-18
1.0716287879e-17
-2.9080187188e-18
1.1161680493e-04
1.5980099122e-19
-3.8335614587e-19
-1.2499489725e-19
-2.6710886163e-19
7.0764193641e-21
-4.3348937391e-09
-1.8537075460e-19
1.3017978443e-19
1.2673106188e-20
-7.5008319219e-20
-4.3170547414e-20
9.6465883196e-17
-1.4846331164e-16
-4.1427519120e-17
-8.8950289481e-17
-1.2103785069e-17
-2.0757593022e-06
1.7698747631e-17
-1.5088762586e-17
-2.5255334852e-06
1.9466669259e-17
-1.1760599241e-17
-1.8829710901e-06
1.2535242637e-17
6.0245205747e-20
1.8053070530e-05
-1.3978621298e-19
4.6227551002e-20
4.2716026700e-20
1.6675234535e-19
1.4655735688e-04
-2.8063510448e-19
8.5194947961e-20
9.8743671689e-20
3.3488146286e-13
3.4530961799e-20
4.3850823515e-09
8.6471879344e-20
-2.6115357120e-20
-2.9646909170e-20
4.8107139301e-22
-2.5083951708e-18
-9.5778565171e-19
-1.8749337595e-07
1.0965076379e-18
1.5980099122e-19
1.1165603918e-04
-1.3898276102e-20
1.3033261257e-19
9.4646676034e-20
-1.3992403343e-12
1.2217398774e-20
-8.1145450069e-09
-1.5552653290e-20
2.0733801235e-20
2.7124715058e-20
-2.0253370362e-21
4.8239394434e-09
2.4592833233e-06
7.1849409581e-07
1.5725936629e-06
-1.3075882267e-17
-3.5947678119e-17
-1.4357827509e-05
-1.6484484492e-17
-4.5161642195e-17
-1.7341188421e-05
-1.2435664654e-17
-3.2759593262e-17
-1.2437297949e-05
-9.2368595836e-19
-2.5630662608e-19
1.8057514347e-05
3.8969569107e-19
-1.4632033337e-19
-1.3333659815e-18
9.1567423693e-21
1.4656613414e-04
8.4216676753e-19
-4.8881736973e-19
-1.0698509407e-21
6.5875716655e-21
-3.0961541335e-20
5.1087769753e-09
-4.6555763033e-20
-7.3686988734e-20
-2.1502138973e-20
1.3708298682e-07
-1.0665554268e-18
-2.7564941011e-18
-1.1053206303e-06
-3.8335614587e-19
-1.3898276102e-20
1.1167691679e-04
1.2479214631e-19
-1.5922027490e-19
-8.3170546434e-20
-4.9424686277e-20
1.3215556565e-19
-9.2889946312e-09
-1.1946912914e-19
-7.5887185404e-20
3.4859887577e-20
1.8876629241e-16
1.0218187140e-17
1.1263849650e-17
8.5414290957e-18
-2.0757593022e-06
-2.0516904207e-18
-1.2018642944e-17
-2.5255334852e-06
-2.7384711245e-18
-1.3344484530e-17
-1.8829710901e-06
-2.1140567984e-18
-8.0886841539e-18
-1.4486390572e-19
6.5410926405e-20
-6.3717689375e-20
1.8053070530e-05
5.3397913547e-20
-1.9239350000e-19
1.5530647348e-19
-1.8141530106e-19
1.4655735688e-04
9.3301589056e-21
2.1070188287e-20
3.7296714320e-20
-3.2656923227e-20
-1.4300421185e-19
4.3850823517e-09
2.7760069127e-20
-3.3488149175e-13
4.1930583334e-20
-1.8749337595e-07
-1.8590596185e-19
-7.5729397096e-19
-1.2499489725e-19
1.3033261257e-19
1.2479214631e-19
1.1165603918e-04
-1.8407171367e-20
-1.0892419137e-20
7.4865987759e-20
-2.4322807183e-20
-1.2003671131e-19
-8.1145450067e-09
-1.3184182205e-20
1.3992402005e-12
2.6398372042e-16
8.8629086252e-17
3.9457112591e-17
5.7276561667e-17
1.4078474074e-17
1.9488359420e-17
6.2888909595e-17
1.6377132997e-17
2.3109038743e-17
7.3046373718e-17
1.0849156146e-17
1.6116645087e-17
4.8505264004e-17
-6.7671823415e-19
-6.2443042581e-19
1.6346790819e-19
-5.8146274734e-20
1.8041849117e-05
-8.1349964016e-19
-4.2853570777e-19
1.7620433412e-19
-7.4146687039e-20
1.4653340529e-04
-1.6084255222e-20
-1.9326562789e-20
-1.0366294414e-19
-5.0286283176e-20
4.3441426234e-20
2.2703975112e-09
-2.1274196878e-20
1.5280655285e-18
9.6437384040e-19
1.2395589351e-18
4.0754851866e-18
-2.6710886163e-19
9.4646676034e-20
-1.5922027490e-19
-1.8407171367e-20
1.1161672026e-04
1.7157212123e-19
-1.1050420074e-19
1.1837132385e-19
-2.7166406143e-20
1.3826142041e-20
-4.3314952636e-09
2.9390590699e-20
-7.4629273060e-17
1.2608448509e-16
3.5001109873e-17
7.9061803432e-17
-2.6238379105e-17
8.2005140169e-10
-2.6327489767e-17
-3.1399078565e-17
9.8568468529e-10
-3.0061855708e-17
-2.1109289030e-17
7.0040030743e-10
-1.9092597514e-17
-2.3201774970e-20
-3.6868205657e-13
-3.4404933798e-20
-1.4481344685e-19
7.0870118240e-19
5.1379693225e-21
-1.2084246486e-12
-9.0114814221e-20
-1.5347908806e-19
1.0602564557e-18
1.1695634271e-05
-1.0117180301e-19
1.6226318723e-14
-5.9884200153e-21
-2.0322995447e-20
1.1243816319e-19
5.9483228920e-22
2.0676185923e-18
-1.7743923591e-18
5.8874791120e-11
-1.6421816410e-18
7.0764193641e-21
-1.3992403343e-12
-8.3170546434e-20
-1.0892419137e-20
1.7157212123e-19
6.3324430014e-05
-5.0451137616e-21
-9.3883799555e-14
-5.8620329807e-20
1.9480761319e-20
4.7803282188e-20
-1.2859802469e-20
-1.1114863150e-16
-3.5933903880e-17
-1.6600072767e-17
-2.1645069939e-17
-3.8410997446e-17
-1.2098408127e-18
8.9050207607e-18
-4.1670900474e-17
-1.7867596228e-18
9.5087779984e-18
-2.3803982658e-17
-2.2427719238e-18
5.0954476344e-18
-9.9451462280e-10
2.4262720915e-19
7.9109914132e-20
4.8833495257e-21
-9.4984261610e-20
-3.3274813704e-10
3.5704654458e-19
-2.6845742671e-20
5.2072560789e-20
-3.6657417945e-19
-1.5275128017e-19
1.1695661899e-05
-3.7068212435e-20
3.0641920761e-20
-2.0810383799e-20
3.1736329656e-20
2.2550084970e-20
-5.4098233750e-19
-1.9725575968e-18
-1.7814039663e-19
4.1654875611e-19
-4.3348937391e-09
1.2217398774e-20
-4.9424686277e-20
7.4865987759e-20
-1.1050420074e-19
-5.0451137616e-21
6.3324458877e-05
6.6811851787e-21
-3.3105452555e-21
1.7204029071e-20
-5.9529358169e-20
4.2842014325e-20
-8.3293640499e-17
-1.4942551445e-17
-9.9467438968e-18
-8.5555623319e-18
-8.7659429868e-17
-1.1506085806e-07
1.8336362217e-17
-1.0446431672e-16
-1.4307088755e-07
2.0392455823e-17
-7.2152486225e-17
-1.0335344914e-07
1.1731682842e-17
-1.8615913030e-19
-2.3010659475e-09
1.1698523810e-19
-1.0099536673e-19
2.5512622387e-19
-5.5646813553e-19
-4.1177025158e-09
4.5300305294e-19
-1.1164196590e-19
3.2161458451e-19
1.5823721344e-14
4.8218385114e-20
1.1695676216e-05
3.5196709132e-20
-4.9568259452e-20
5.0813306068e-20
-9.2858316441e-21
-1.3244192359e-19
-6.1786858736e-18
-7.9873499628e-09
1.0629357564e-18
-1.8537075460e-19
-8.1145450069e-09
1.3215556565e-19
-2.4322807183e-20
1.1837132385e-19
-9.3883799555e-14
6.6811851787e-21
6.3324329580e-05
5.0749217987e-20
-4.8015106775e-20
-3.6250543871e-20
2.0863410223e-21
-3.1385461429e-09
1.6838790495e-07
5.0690036908e-08
1.0100387278e-07
5.5283143172e-17
1.3756705982e-16
-4.1409564925e-07
6.4214469913e-17
1.6276060235e-16
-5.0274290783e-07
4.3993069674e-17
1.1142799793e-16
-3.5746940388e-07
2.4990353395e-19
-1.1235649013e-19
-2.6629266969e-09
-1.3436578275e-19
4.4788858079e-19
3.4349609128e-19
-2.2869073122e-19
-5.2753996963e-09
-1.2644568294e-19
5.4742050860e-19
-1.1573873281e-19
-5.3636477148e-20
7.2573194485e-20
1.1695684001e-05
-2.1592529244e-20
2.8570722114e-20
-1.3360345423e-20
2.3102713189e-09
3.7232218266e-18
9.4589309055e-18
-2.9712771554e-08
1.3017978443e-19
-1.5552653290e-20
-9.2889946312e-09
-1.2003671131e-19
-2.7166406143e-20
-5.8620329807e-20
-3.3105452555e-21
5.0749217987e-20
6.3324217607e-05
2.2279337899e-20
-5.7781421148e-20
-1.3836962276e-21
1.7888721049e-16
-2.2192914084e-17
-2.1358598217e-19
-1.1575681064e-17
-1.1506085791e-07
-6.9582191242e-18
3.3013640591e-18
-1.4307088737e-07
-8.0490306446e-18
3.1962677092e-18
-1.0335344902e-07
-5.4102746145e-18
1.4198429571e-18
-1.1788433883e-19
-8.4373567903e-21
-3.9712133508e-20
-2.3010659469e-09
7.3023611013e-20
-1.7221533689e-19
1.9601860432e-20
-1.4487482846e-19
-4.1177025146e-09
8.3475682847e-20
-5.4100192251e-22
1.4339246669e-20
-4.8506033297e-21
2.4424348989e-21
1.1695676216e-05
-3.3257097896e-21
-1.5823716840e-14
-4.5698588324e-19
-7.9873499521e-09
-4.5599626015e-19
1.1955033916e-19
1.2673106188e-20
2.0733801235e-20
-1.1946912914e-19
-8.1145450067e-09
1.3826142041e-20
1.9480761319e-20
1.7204029071e-20
-4.8015106775e-20
2.2279337899e-20
6.3324329580e-05
-3.4982278266e-21
9.3883720850e-14
6.9006138474e-17
4.5359819444e-17
1.4741393325e-17
3.2134995735e-17
1.6890584759e-17
2.2077854759e-17
-7.5137631768e-17
1.9615412523e-17
2.5008443044e-17
-8.8380347860e-17
1.3406804202e-17
1.5830307083e-17
-6.0368049337e-17
-3.9337046790e-19
3.7461230994e-20
-1.1245507192e-20
9.9088902363e-21
-9.9361574536e-10
-5.7974261663e-19
9.2274599633e-20
-1.1020338291e-19
-1.3826163737e-20
-3.2977390575e-10
2.2293291873e-20
9.3743334261e-20
-1.2645583824e-19
-3.0959718588e-20
-3.4324547418e-21
1.1695662077e-05
-8.7999008386e-20
7.0081400523e-19
1.1440583111e-18
1.3090735278e-18
-5.1873294518e-18
-7.5008319219e-20
2.7124715058e-20
-7.5887185404e-20
-1.3184182205e-20
-4.3314952636e-09
4.7803282188e-20
-5.9529358169e-20
-3.6250543871e-20
-5.7781421148e-20
-3.4982278266e-21
6.3324457759e-05
-3.1709821300e-20
6.8944829364e-17
-1.4283117387e-16
-4.0721167282e-17
-8.7813335709e-17
-8.2005144510e-10
1.2762100271e-18
4.4051633857e-18
-9.8568473638e-10
1.5754404227e-18
5.5586072997e-18
-7.0040034244e-10
6.8151421170e-19
4.3518615514e-18
-1.2120409076e-19
-1.5156704315e-20
9.1100047546e-20
3.6868145944e-13
7.3200611929e-20
-2.1461181676e-19
-3.3749819846e-20
1.9236779355e-19
1.2084239041e-12
1.4854810167e-19
-1.0332111782e-21
-6.7507052440e-21
-1.0246386124e-21
8.2765431093e-22
-1.6226356061e-14
1.7287016670e-20
1.1695634271e-05
-2.3370109013e-18
-5.8874794100e-11
4.4745018547e-20
3.7035613187e-19
-4.3170547414e-20
-2.0253370362e-21
3.4859887577e-20
1.3992402005e-12
2.9390590699e-20
-1.2859802469e-20
4.2842014325e-20
2.0863410223e-21
-1.3836962276e-21
9.3883720850e-14
-3.1709821300e-20
6.3324430014e-05
