3.5344126752e-01
2.8962373641e-01
-7.9145207490e-18
7.3264195842e-17
3.4918197400e-05
1.5546749512e-02
-2.9804894831e-17
-6.3034129113e-17
-2.1147332843e-04
-1.6546208059e-05
-7.0925906695e-04
-1.3953772346e-03
2.7090238826e-16
9.1809419868e-17
3.4050362731e-03
1.9925497277e-16
1.5015641962e-16
2.0483630244e-03
2.5803280449e-17
-2.1718218200e-18
-6.2092923133e-05
-1.0035683393e-17
1.3262686360e-14
7.1848885353e-04
-4.3497208573e-17
-1.7671840940e-16
-3.9924178767e-04
-7.1610409861e-17
1.9252235017e-16
4.5142299625e-04
-7.2246219663e-17
-4.4307964775e-14
2.8962373641e-01
2.4852790976e-01
-5.6645166868e-18
5.5636861444e-17
2.8223358254e-05
1.3070389988e-02
-2.5526763901e-17
-5.1778688634e-17
-2.0527373084e-04
6.8162649956e-05
-8.2487968442e-04
-1.4858535936e-03
1.9908036476e-16
7.5720011797e-17
4.1659941947e-03
1.4715498646e-16
1.2078489001e-16
2.5898622399e-03
1.9918453969e-17
4.6777148145e-20
-5.7034073265e-05
-1.0056439893e-17
1.0988582781e-14
6.7171993102e-04
-3.6045559356e-17
-1.4688877094e-16
-2.7562510118e-04
-5.7925390772e-17
1.5646311336e-16
3.9538291008e-04
-6.1026765730e-17
-3.4465040797e-14
-7.9145207490e-18
-5.6645166868e-18
6.3959282142e-04
2.7555309728e-20
4.7455897389e-22
-4.6257911909e-19
1.6036276927e-04
-6.6450164261e-21
-1.6738934712e-21
-2.3661992012e-17
-1.0876593859e-17
-1.0794172280e-17
4.5251801274e-05
1.2266021521e-17
2.3128893621e-18
2.7494430103e-05
8.6945858569e-18
2.3492312922e-18
-4.3966026514e-19
1.5478448300e-20
1.4206371202e-20
4.1085468813e-07
4.7779256688e-19
-3.2627339901e-19
-4.4643333030e-10
1.1277937198e-18
3.9779420188e-19
-1.8490389350e-19
8.7996481029e-20
8.3832912515e-21
1.0395695840e-06
3.1490405458e-19
7.3264195842e-17
5.5636861444e-17
2.7555309728e-20
6.3959282142e-04
-6.9584394328e-19
2.3308384328e-18
1.1393056310e-19
1.6036276929e-04
-7.3518077544e-19
5.0361359862e-16
-8.9048140868e-17
-8.3220351296e-17
-1.1551258934e-16
4.5251801485e-05
-1.5782257429e-17
-6.9906135024e-17
2.7494430246e-05
-9.3361586568e-18
1.2259966811e-18
4.1085468832e-07
1.0283068967e-19
-8.8727168749e-20
-8.2182514504e-21
-1.9432063103e-18
-8.7297805191e-18
-4.4641112468e-10
-1.1141802829e-18
5.4536380128e-19
1.0395695844e-06
-1.9056623472e-19
4.5323864398e-20
-1.0041002741e-20
3.4918197400e-05
2.8223358254e-05
4.7455897389e-22
-6.9584394328e-19
6.3776329427e-04
1.2321728095e-05
-4.5477725383e-20
1.5974080284e-19
1.6564311071e-04
3.8559591159e-05
-5.5048443867e-05
-5.0194766222e-05
3.5207426169e-17
3.0013436212e-17
1.5875069395e-04
1.8385508141e-17
1.1922109383e-17
1.2136675898e-04
1.7985978992e-19
1.7631042176e-19
-1.2745231155e-06
3.0612463876e-19
-5.1652111424e-16
-1.5175709705e-05
2.1422271913e-18
8.7741021458e-19
3.0196402551e-05
4.0743196999e-19
1.6216299096e-19
-4.7263842181e-06
2.9548233388e-19
6.9623176719e-17
1.5546749512e-02
1.3070389988e-02
-4.6257911909e-19
2.3308384328e-18
1.2321728095e-05
7.3606009687e-04
-1.1459853920e-18
-2.3662938690e-18
9.1024921716e-07
-1.8198646124e-04
9.8699212804e-05
8.7388066722e-05
-3.6172237511e-16
-3.3041328769e-16
8.8600092959e-04
-2.2654274765e-16
-2.0534497815e-16
4.7375097370e-04
5.8184751306e-19
-2.2194913884e-20
3.8508274515e-06
-2.7173458962e-19
2.8502830417e-15
2.8097739964e-05
-3.1541299813e-17
-3.4571491050e-17
3.7855486012e-05
-2.7217468308e-18
8.7529753776e-18
2.8182748607e-05
-3.0381800286e-18
1.0641590512e-15
-2.9804894831e-17
-2.5526763901e-17
1.6036276927e-04
1.1393056310e-19
-4.5477725383e-20
-1.1459853920e-18
1.0417987542e-04
-3.8171260155e-20
9.9262405851e-20
8.2390726996e-17
1.1097762832e-16
1.1367387287e-16
-2.2320685577e-04
2.4301838591e-16
1.2180080275e-17
-1.3017076792e-04
1.5653324257e-16
4.4268034227e-18
2.1971752022e-19
-1.4381609534e-19
-1.0570900979e-20
-1.4877186460e-06
-6.6715549650e-19
5.0200281442e-18
-2.1100754198e-05
1.9867156060e-17
5.7634918751e-19
7.5803842943e-20
-8.6890214177e-20
-5.3149898208e-20
-2.0636732861e-06
-4.2458491037e-19
-6.3034129113e-17
-5.1778688634e-17
-6.6450164261e-21
1.6036276929e-04
1.5974080284e-19
-2.3662938690e-18
-3.8171260155e-20
1.0417987546e-04
-1.4243018615e-19
-6.9249626539e-16
1.7172200532e-16
1.7070960247e-16
-1.3355525552e-16
-2.2320685697e-04
1.0700452770e-16
-8.6471676553e-17
-1.3017076873e-04
5.9937682259e-17
-5.9825356831e-19
-1.4877186466e-06
1.2613753072e-19
-1.3202912241e-19
2.6248549604e-20
6.1576890057e-18
-1.0953894236e-17
-2.1100754324e-05
7.6666501438e-18
-4.5542272347e-19
-2.0636732874e-06
2.4958153437e-19
1.3984326697e-20
4.0050475857e-20
-2.1147332843e-04
-2.0527373084e-04
-1.6738934712e-21
-7.3518077544e-19
1.6564311071e-04
9.1024921716e-07
9.9262405851e-20
-1.4243018615e-19
1.2013225487e-04
-1.2929555959e-04
1.2802498318e-04
1.5400677993e-04
-3.6738354108e-17
1.3554791686e-17
-8.6233745019e-04
-2.0290594346e-17
1.3606605631e-17
-6.6901898011e-04
-1.0297161586e-19
4.9360822264e-19
7.1381461783e-06
-6.0511799364e-20
1.9935239066e-15
-1.0368710483e-05
-2.5043115111e-18
2.7370087767e-18
-6.2806556145e-05
4.4015734735e-19
1.0590339639e-20
7.3040072897e-06
-1.3643668269e-19
2.1623380863e-15
-1.6546208059e-05
6.8162649956e-05
-2.3661992012e-17
5.0361359862e-16
3.8559591159e-05
-1.8198646124e-04
8.2390726996e-17
-6.9249626539e-16
-1.2929555959e-04
1.0027287396e+00
5.2692162813e-03
-4.7994434053e-03
1.4909575883e-16
-1.7378585760e-16
-1.8623207609e-05
1.6637840461e-16
1.0383976014e-15
4.9471454632e-05
-1.5199928342e-16
-6.3204890515e-17
-4.7863504549e-06
6.0307509937e-18
1.9939136946e-14
9.5587654283e-04
-1.3492535719e-16
-9.8482571985e-16
-1.1239695292e-04
9.7568222874e-17
-3.3932429113e-17
9.7537408179e-06
-3.2244455297e-18
3.7989470184e-14
-7.0925906695e-04
-8.2487968442e-04
-1.0876593859e-17
-8.9048140868e-17
-5.5048443867e-05
9.8699212804e-05
1.1097762832e-16
1.7172200532e-16
1.2802498318e-04
5.2692162813e-03
2.7886672825e-01
2.7659953679e-01
1.7491558983e-16
3.8421342649e-17
-2.4915849045e-05
1.1431280110e-16
-2.5484843542e-16
-1.8740757478e-05
-1.1428774037e-17
7.6188069136e-17
-1.5562897620e-07
1.6923616763e-18
-1.5991506784e-15
1.2285089352e-02
-1.8384322383e-16
5.5197288455e-16
5.0266230093e-05
2.5863622328e-16
-9.3792953532e-17
-4.7686793550e-06
-8.0759648642e-19
-5.8023370586e-12
-1.3953772346e-03
-1.4858535936e-03
-1.0794172280e-17
-8.3220351296e-17
-5.0194766222e-05
8.7388066722e-05
1.1367387287e-16
1.7070960247e-16
1.5400677993e-04
-4.7994434053e-03
2.7659953679e-01
3.0313951569e-01
4.3903485129e-17
-4.3342683084e-16
5.9512783331e-06
4.9424364615e-17
-5.8868415562e-16
-4.6798085800e-05
-1.4290918008e-17
7.5527176093e-17
4.1582976734e-06
3.3876101117e-18
2.2655810133e-15
1.3847798495e-02
-1.9645387600e-16
5.3660307415e-16
6.0828500065e-05
2.7036075871e-16
-9.5780956700e-17
-1.0012680012e-06
-4.7884060801e-20
-6.4162224925e-12
2.7090238826e-16
1.9908036476e-16
4.5251801274e-05
-1.1551258934e-16
3.5207426169e-17
-3.6172237511e-16
-2.2320685577e-04
-1.3355525552e-16
-3.6738354108e-17
1.4909575883e-16
1.7491558983e-16
4.3903485129e-17
4.7948027180e-01
4.1711850459e-16
-2.9655954667e-16
2.9296235951e-01
2.8404598301e-16
-1.1014378639e-16
9.3304855969e-17
3.1783411074e-17
2.2264868991e-17
1.5816115711e-06
-1.9919966749e-17
2.4229373452e-16
3.7081644495e-02
-1.5743500172e-16
1.5764048068e-16
1.4271397061e-17
6.2650915682e-17
3.7137652239e-17
2.5785969986e-07
-2.1844723279e-18
9.1809419868e-17
7.5720011797e-17
1.2266021521e-17
4.5251801485e-05
3.0013436212e-17
-3.3041328769e-16
2.4301838591e-16
-2.2320685697e-04
1.3554791686e-17
-1.7378585760e-16
3.8421342649e-17
-4.3342683084e-16
4.1711850459e-16
4.7948027176e-01
1.6509522363e-16
1.7561128248e-16
2.9296235949e-01
-4.0844875986e-16
-1.0093003138e-16
1.5816115709e-06
-7.1220182983e-17
4.8811614511e-17
-1.2892511421e-17
8.9294955397e-16
1.1011885112e-16
3.7081644544e-02
3.9203779049e-16
-2.6791267053e-16
2.5785970173e-07
1.0944814951e-16
-9.4964772032e-18
-1.0640399963e-17
3.4050362731e-03
4.1659941947e-03
2.3128893621e-18
-1.5782257429e-17
1.5875069395e-04
8.8600092959e-04
1.2180080275e-17
1.0700452770e-16
-8.6233745019e-04
-1.8623207609e-05
-2.4915849045e-05
5.9512783331e-06
-2.9655954667e-16
1.6509522363e-16
4.7956469550e-01
-5.3298956402e-18
2.6357809236e-16
2.9297483339e-01
7.3074890220e-17
-1.5241344087e-16
4.1189559268e-06
-1.3988012033e-16
5.1436888659e-16
-4.8146021073e-05
-1.6774846200e-17
-2.9626684357e-16
3.7132043368e-02
3.6745701949e-17
3.8597306485e-17
-6.1722141944e-06
2.0601833856e-17
-2.4032778970e-15
1.9925497277e-16
1.4715498646e-16
2.7494430103e-05
-6.9906135024e-17
1.8385508141e-17
-2.2654274765e-16
-1.3017076792e-04
-8.6471676553e-17
-2.0290594346e-17
1.6637840461e-16
1.1431280110e-16
4.9424364615e-17
2.9296235951e-01
1.7561128248e-16
-5.3298956402e-18
1.9397996244e-01
1.4461571780e-16
3.3093710813e-17
6.2884724013e-17
1.6494436519e-17
1.2573153046e-17
7.3446195565e-07
-9.1296499108e-18
1.3496587815e-16
2.4402081673e-02
-1.0708775271e-16
1.1169878989e-16
5.0497263293e-18
4.0610793022e-17
2.4883319628e-17
9.5645428790e-07
1.2867944853e-18
1.5015641962e-16
1.2078489001e-16
8.6945858569e-18
2.7494430246e-05
1.1922109383e-17
-2.0534497815e-16
1.5653324257e-16
-1.3017076873e-04
1.3606605631e-17
1.0383976014e-15
-2.5484843542e-16
-5.8868415562e-16
2.8404598301e-16
2.9296235949e-01
2.6357809236e-16
1.4461571780e-16
1.9397996244e-01
-1.4962394453e-16
-6.8424476172e-17
7.3446195544e-07
-3.7849048692e-17
2.9128491664e-17
-8.5482600342e-18
5.4658032054e-16
7.0393739488e-17
2.4402081707e-02
2.4777662480e-16
-1.7104729329e-16
9.5645428894e-07
5.8764617461e-17
-4.6880856583e-18
-7.5927752334e-18
2.0483630244e-03
2.5898622399e-03
2.3492312922e-18
-9.3361586568e-18
1.2136675898e-04
4.7375097370e-04
4.4268034227e-18
5.9937682259e-17
-6.6901898011e-04
4.9471454632e-05
-1.8740757478e-05
-4.6798085800e-05
-1.1014378639e-16
-4.0844875986e-16
2.9297483339e-01
3.3093710813e-17
-1.4962394453e-16
1.9402421554e-01
4.5356919005e-17
-9.7394779911e-17
-9.4842982596e-07
-8.7529919432e-17
-2.9106928858e-16
2.0194083665e-05
-1.2578041207e-17
-2.1092625614e-16
2.4362578915e-02
3.5684774323e-17
2.5873455905e-17
-2.7693989701e-06
1.2121609221e-17
-3.2224786451e-15
2.5803280449e-17
1.9918453969e-17
-4.3966026514e-19
1.2259966811e-18
1.7985978992e-19
5.8184751306e-19
2.1971752022e-19
-5.9825356831e-19
-1.0297161586e-19
-1.5199928342e-16
-1.1428774037e-17
-1.4290918008e-17
9.3304855969e-17
-1.0093003138e-16
7.3074890220e-17
6.2884724013e-17
-6.8424476172e-17
4.5356919005e-17
1.0004646743e-03
7.8852772164e-19
-7.0503031395e-19
-7.9603756548e-19
-2.3896405184e-23
-1.4709973683e-18
9.0008492695e-18
-7.2386139589e-18
5.4014074987e-18
3.6115131243e-04
-5.6168038453e-20
-4.0680725090e-19
-6.0708478895e-20
-1.1515476723e-20
-2.1718218200e-18
4.6777148145e-20
1.5478448300e-20
4.1085468832e-07
1.7631042176e-19
-2.2194913884e-20
-1.4381609534e-19
-1.4877186466e-06
4.9360822264e-19
-6.3204890515e-17
7.6188069136e-17
7.5527176093e-17
3.1783411074e-17
1.5816115709e-06
-1.5241344087e-16
1.6494436519e-17
7.3446195544e-07
-9.7394779911e-17
7.8852772164e-19
1.0006199048e-03
-9.0957489400e-21
-1.3309922756e-18
-1.0916652471e-19
3.3782642872e-18
2.0119332535e-18
6.7349875365e-07
-1.1860181392e-17
-1.9157776353e-19
3.6141744987e-04
2.3529531738e-19
4.8905701794e-19
-5.3201165727e-20
-6.2092923133e-05
-5.7034073265e-05
1.4206371202e-20
1.0283068967e-19
-1.2745231155e-06
3.8508274515e-06
-1.0570900979e-20
1.2613753072e-19
7.1381461783e-06
-4.7863504549e-06
-1.5562897620e-07
4.1582976734e-06
2.2264868991e-17
-7.1220182983e-17
4.1189559268e-06
1.2573153046e-17
-3.7849048692e-17
-9.4842982596e-07
-7.0503031395e-19
-9.0957489400e-21
1.0008650758e-03
-1.3248841026e-19
-1.5093373948e-14
-3.9237103461e-06
2.0066619684e-18
-5.1277792357e-18
5.6008884292e-06
-1.0141968301e-18
-1.2029812629e-19
3.6122565207e-04
7.7603616733e-20
5.8321258674e-15
-1.0035683393e-17
-1.0056439893e-17
4.1085468813e-07
-8.8727168749e-20
3.0612463876e-19
-2.7173458962e-19
-1.4877186460e-06
-1.3202912241e-19
-6.0511799364e-20
6.0307509937e-18
1.6923616763e-18
3.3876101117e-18
1.5816115711e-06
4.8811614511e-17
-1.3988012033e-16
7.3446195565e-07
2.9128491664e-17
-8.7529919432e-17
-7.9603756548e-19
-1.3309922756e-18
-1.3248841026e-19
1.0006199049e-03
-2.3230316878e-19
3.9751448203e-19
6.7349875319e-07
3.2915292343e-18
-1.1387889805e-17
1.4886105544e-19
3.8521030804e-19
5.9871788487e-20
3.6141744986e-04
5.4233133691e-21
1.3262686360e-14
1.0988582781e-14
4.7779256688e-19
-8.2182514504e-21
-5.1652111424e-16
2.8502830417e-15
-6.6715549650e-19
2.6248549604e-20
1.9935239066e-15
1.9939136946e-14
-1.5991506784e-15
2.2655810133e-15
-1.9919966749e-17
-1.2892511421e-17
5.1436888659e-16
-9.1296499108e-18
-8.5482600342e-18
-2.9106928858e-16
-2.3896405184e-23
-1.0916652471e-19
-1.5093373948e-14
-2.3230316878e-19
1.0004646743e-03
-2.1001427296e-14
-2.2281766782e-18
-1.2738563493e-18
1.5531921670e-15
1.1447684632e-20
1.1648494115e-19
5.6602672571e-15
1.2444152829e-19
3.6115131243e-04
7.1848885353e-04
6.7171993102e-04
-3.2627339901e-19
-1.9432063103e-18
-1.5175709705e-05
2.8097739964e-05
5.0200281442e-18
6.1576890057e-18
-1.0368710483e-05
9.5587654283e-04
1.2285089352e-02
1.3847798495e-02
2.4229373452e-16
8.9294955397e-16
-4.8146021073e-05
1.3496587815e-16
5.4658032054e-16
2.0194083665e-05
-1.4709973683e-18
3.3782642872e-18
-3.9237103461e-06
3.9751448203e-19
-2.1001427296e-14
7.0530752744e-04
7.6503615837e-18
9.4602768955e-17
-8.3475182718e-06
1.0822968052e-17
-4.0244255635e-18
-2.4034432061e-06
8.5205286347e-20
-3.4533291069e-13
-4.3497208573e-17
-3.6045559356e-17
-4.4643333030e-10
-8.7297805191e-18
2.1422271913e-18
-3.1541299813e-17
-2.1100754198e-05
-1.0953894236e-17
-2.5043115111e-18
-1.3492535719e-16
-1.8384322383e-16
-1.9645387600e-16
3.7081644495e-02
1.1011885112e-16
-1.6774846200e-17
2.4402081673e-02
7.0393739488e-17
-1.2578041207e-17
9.0008492695e-18
2.0119332535e-18
2.0066619684e-18
6.7349875319e-07
-2.2281766782e-18
7.6503615837e-18
3.0436272798e-03
-7.2055733411e-18
1.2370166595e-17
1.1716459561e-18
5.0467483535e-18
3.3975094006e-18
7.9566569414e-07
-4.9056232267e-19
-1.7671840940e-16
-1.4688877094e-16
1.1277937198e-18
-4.4641112468e-10
8.7741021458e-19
-3.4571491050e-17
1.9867156060e-17
-2.1100754324e-05
2.7370087767e-18
-9.8482571985e-16
5.5197288455e-16
5.3660307415e-16
-1.5743500172e-16
3.7081644544e-02
-2.9626684357e-16
-1.0708775271e-16
2.4402081707e-02
-2.1092625614e-16
-7.2386139589e-18
6.7349875365e-07
-5.1277792357e-18
3.2915292343e-18
-1.2738563493e-18
9.4602768955e-17
-7.2055733411e-18
3.0436272883e-03
7.6709412866e-18
-2.0775208239e-17
7.9566569512e-07
6.3966600377e-18
-7.9036527586e-19
-1.2482056100e-18
-3.9924178767e-04
-2.7562510118e-04
3.9779420188e-19
-1.1141802829e-18
3.0196402551e-05
3.7855486012e-05
5.7634918751e-19
7.6666501438e-18
-6.2806556145e-05
-1.1239695292e-04
5.0266230093e-05
6.0828500065e-05
1.5764048068e-16
3.9203779049e-16
3.7132043368e-02
1.1169878989e-16
2.4777662480e-16
2.4362578915e-02
5.4014074987e-18
-1.1860181392e-17
5.6008884292e-06
-1.1387889805e-17
1.5531921670e-15
-8.3475182718e-06
1.2370166595e-17
7.6709412866e-18
3.0480664388e-03
5.0406379237e-18
3.4828886829e-18
4.6260770558e-06
1.5104519841e-18
2.8582749152e-15
-7.1610409861e-17
-5.7925390772e-17
-1.8490389350e-19
5.4536380128e-19
4.0743196999e-19
-2.7217468308e-18
7.5803842943e-20
-4.5542272347e-19
4.4015734735e-19
9.7568222874e-17
2.5863622328e-16
2.7036075871e-16
1.4271397061e-17
-2.6791267053e-16
3.6745701949e-17
5.0497263293e-18
-1.7104729329e-16
3.5684774323e-17
3.6115131243e-04
-1.9157776353e-19
-1.0141968301e-18
1.4886105544e-19
1.1447684632e-20
1.0822968052e-17
1.1716459561e-18
-2.0775208239e-17
5.0406379237e-18
5.2051163547e-04
9.1997568322e-20
-7.5199609086e-19
1.1926749481e-19
-2.4696677066e-23
1.9252235017e-16
1.5646311336e-16
8.7996481029e-20
1.0395695844e-06
1.6216299096e-19
8.7529753776e-18
-8.6890214177e-20
-2.0636732874e-06
1.0590339639e-20
-3.3932429113e-17
-9.3792953532e-17
-9.5780956700e-17
6.2650915682e-17
2.5785970173e-07
3.8597306485e-17
4.0610793022e-17
9.5645428894e-07
2.5873455905e-17
-5.6168038453e-20
3.6141744987e-04
-1.2029812629e-19
3.8521030804e-19
1.1648494115e-19
-4.0244255635e-18
5.0467483535e-18
7.9566569512e-07
3.4828886829e-18
9.1997568322e-20
5.2131770584e-04
2.1646224786e-19
9.1365500252e-19
1.3984774135e-19
4.5142299625e-04
3.9538291008e-04
8.3832912515e-21
-1.9056623472e-19
-4.7263842181e-06
2.8182748607e-05
-5.3149898208e-20
2.4958153437e-19
7.3040072897e-06
9.7537408179e-06
-4.7686793550e-06
-1.0012680012e-06
3.7137652239e-17
1.0944814951e-16
-6.1722141944e-06
2.4883319628e-17
5.8764617461e-17
-2.7693989701e-06
-4.0680725090e-19
2.3529531738e-19
3.6122565207e-04
5.9871788487e-20
5.6602672571e-15
-2.4034432061e-06
3.3975094006e-18
6.3966600377e-18
4.6260770558e-06
-7.5199609086e-19
2.1646224786e-19
5.2194682256e-04
6.7491845724e-20
3.2187644565e-14
-7.2246219663e-17
-6.1026765730e-17
1.0395695840e-06
4.5323864398e-20
2.9548233388e-19
-3.0381800286e-18
-2.0636732861e-06
1.3984326697e-20
-1.3643668269e-19
-3.2244455297e-18
-8.0759648642e-19
-4.7884060801e-20
2.5785969986e-07
-9.4964772032e-18
2.0601833856e-17
9.5645428790e-07
-4.6880856583e-18
1.2121609221e-17
-6.0708478895e-20
4.8905701794e-19
7.7603616733e-20
3.6141744986e-04
1.2444152829e-19
8.5205286347e-20
7.9566569414e-07
-7.9036527586e-19
1.5104519841e-18
1.1926749481e-19
9.1365500252e-19
6.7491845724e-20
5.2131770579e-04
1.6836243755e-19
-4.4307964775e-14
-3.4465040797e-14
3.1490405458e-19
-1.0041002741e-20
6.9623176719e-17
1.0641590512e-15
-4.2458491037e-19
4.0050475857e-20
2.1623380863e-15
3.7989470184e-14
-5.8023370586e-12
-6.4162224925e-12
-2.1844723279e-18
-1.0640399963e-17
-2.4032778970e-15
1.2867944853e-18
-7.5927752334e-18
-3.2224786451e-15
-1.1515476723e-20
-5.3201165727e-20
5.8321258674e-15
5.4233133691e-21
3.6115131243e-04
-3.4533291069e-13
-4.9056232267e-19
-1.2482056100e-18
2.8582749152e-15
-2.4696677066e-23
1.3984774135e-19
3.2187644565e-14
1.6836243755e-19
5.2051163547e-04
3.5344126752e-01
2.8962373641e-01
-7.9145207490e-18
7.3264195842e-17
3.4918197400e-05
1.5546749512e-02
-2.9804894831e-17
-6.3034129113e-17
-2.1147332843e-04
-1.6546208059e-05
-7.0925906695e-04
-1.3953772346e-03
2.7090238826e-16
9.1809419868e-17
3.4050362731e-03
1.9925497277e-16
1.5015641962e-16
2.0483630244e-03
2.5803280449e-17
-2.1718218200e-18
-6.2092923133e-05
-1.0035683393e-17
1.3262686360e-14
7.1848885353e-04
-4.3497208573e-17
-1.7671840940e-16
-3.9924178767e-04
-7.1610409861e-17
1.9252235017e-16
4.5142299625e-04
-7.2246219663e-17
-4.4307964775e-14
2.8962373641e-01
2.4852790976e-01
-5.6645166868e-18
5.5636861444e-17
2.8223358254e-05
1.3070389988e-02
-2.5526763901e-17
-5.1778688634e-17
-2.0527373084e-04
6.8162649956e-05
-8.2487968442e-04
-1.4858535936e-03
1.9908036476e-16
7.5720011797e-17
4.1659941947e-03
1.4715498646e-16
1.2078489001e-16
2.5898622399e-03
1.9918453969e-17
4.6777148145e-20
-5.7034073265e-05
-1.0056439893e-17
1.0988582781e-14
6.7171993102e-04
-3.6045559356e-17
-1.4688877094e-16
-2.7562510118e-04
-5.7925390772e-17
1.5646311336e-16
3.9538291008e-04
-6.1026765730e-17
-3.4465040797e-14
-7.9145207490e-18
-5.6645166868e-18
6.3959282142e-04
2.7555309728e-20
4.7455897389e-22
-4.6257911909e-19
1.6036276927e-04
-6.6450164261e-21
-1.6738934712e-21
-2.3661992012e-17
-1.0876593859e-17
-1.0794172280e-17
4.5251801274e-05
1.2266021521e-17
2.3128893621e-18
2.7494430103e-05
8.6945858569e-18
2.3492312922e-18
-4.3966026514e-19
1.5478448300e-20
1.4206371202e-20
4.1085468813e-07
4.7779256688e-19
-3.2627339901e-19
-4.4643333030e-10
1.1277937198e-18
3.9779420188e-19
-1.8490389350e-19
8.7996481029e-20
8.3832912515e-21
1.0395695840e-06
3.1490405458e-19
7.3264195842e-17
5.5636861444e-17
2.7555309728e-20
6.3959282142e-04
-6.9584394328e-19
2.3308384328e-18
1.1393056310e-19
1.6036276929e-04
-7.3518077544e-19
5.0361359862e-16
-8.9048140868e-17
-8.3220351296e-17
-1.1551258934e-16
4.5251801485e-05
-1.5782257429e-17
-6.9906135024e-17
2.7494430246e-05
-9.3361586568e-18
1.2259966811e-18
4.1085468832e-07
1.0283068967e-19
-8.8727168749e-20
-8.2182514504e-21
-1.9432063103e-18
-8.7297805191e-18
-4.4641112468e-10
-1.1141802829e-18
5.4536380128e-19
1.0395695844e-06
-1.9056623472e-19
4.5323864398e-20
-1.0041002741e-20
3.4918197400e-05
2.8223358254e-05
4.7455897389e-22
-6.9584394328e-19
6.3776329427e-04
1.2321728095e-05
-4.5477725383e-20
1.5974080284e-19
1.6564311071e-04
3.8559591159e-05
-5.5048443867e-05
-5.0194766222e-05
3.5207426169e-17
3.0013436212e-17
1.5875069395e-04
1.8385508141e-17
1.1922109383e-17
1.2136675898e-04
1.7985978992e-19
1.7631042176e-19
-1.2745231155e-06
3.0612463876e-19
-5.1652111424e-16
-1.5175709705e-05
2.1422271913e-18
8.7741021458e-19
3.0196402551e-05
4.0743196999e-19
1.6216299096e-19
-4.7263842181e-06
2.9548233388e-19
6.9623176719e-17
1.5546749512e-02
1.3070389988e-02
-4.6257911909e-19
2.3308384328e-18
1.2321728095e-05
7.3606009687e-04
-1.1459853920e-18
-2.3662938690e-18
9.1024921716e-07
-1.8198646124e-04
9.8699212804e-05
8.7388066722e-05
-3.6172237511e-16
-3.3041328769e-16
8.8600092959e-04
-2.2654274765e-16
-2.0534497815e-16
4.7375097370e-04
5.8184751306e-19
-2.2194913884e-20
3.8508274515e-06
-2.7173458962e-19
2.8502830417e-15
2.8097739964e-05
-3.1541299813e-17
-3.4571491050e-17
3.7855486012e-05
-2.7217468308e-18
8.7529753776e-18
2.8182748607e-05
-3.0381800286e-18
1.0641590512e-15
-2.9804894831e-17
-2.5526763901e-17
1.6036276927e-04
1.1393056310e-19
-4.5477725383e-20
-1.1459853920e-18
1.0417987542e-04
-3.8171260155e-20
9.9262405851e-20
8.2390726996e-17
1.1097762832e-16
1.1367387287e-16
-2.2320685577e-04
2.4301838591e-16
1.2180080275e-17
-1.3017076792e-04
1.5653324257e-16
4.4268034227e-18
2.1971752022e-19
-1.4381609534e-19
-1.0570900979e-20
-1.4877186460e-06
-6.6715549650e-19
5.0200281442e-18
-2.1100754198e-05
1.9867156060e-17
5.7634918751e-19
7.5803842943e-20
-8.6890214177e-20
-5.3149898208e-20
-2.0636732861e-06
-4.2458491037e-19
-6.3034129113e-17
-5.1778688634e-17
-6.6450164261e-21
1.6036276929e-04
1.5974080284e-19
-2.3662938690e-18
-3.8171260155e-20
1.0417987546e-04
-1.4243018615e-19
-6.9249626539e-16
1.7172200532e-16
1.7070960247e-16
-1.3355525552e-16
-2.2320685697e-04
1.0700452770e-16
-8.6471676553e-17
-1.3017076873e-04
5.9937682259e-17
-5.9825356831e-19
-1.4877186466e-06
1.2613753072e-19
-1.3202912241e-19
2.6248549604e-20
6.1576890057e-18
-1.0953894236e-17
-2.1100754324e-05
7.6666501438e-18
-4.5542272347e-19
-2.0636732874e-06
2.4958153437e-19
1.3984326697e-20
4.0050475857e-20
-2.1147332843e-04
-2.0527373084e-04
-1.6738934712e-21
-7.3518077544e-19
1.6564311071e-04
9.1024921716e-07
9.9262405851e-20
-1.4243018615e-19
1.2013225487e-04
-1.2929555959e-04
1.2802498318e-04
1.5400677993e-04
-3.6738354108e-17
1.3554791686e-17
-8.6233745019e-04
-2.0290594346e-17
1.3606605631e-17
-6.6901898011e-04
-1.0297161586e-19
4.9360822264e-19
7.1381461783e-06
-6.0511799364e-20
1.9935239066e-15
-1.0368710483e-05
-2.5043115111e-18
2.7370087767e-18
-6.2806556145e-05
4.4015734735e-19
1.0590339639e-20
7.3040072897e-06
-1.3643668269e-19
2.1623380863e-15
-1.6546208059e-05
6.8162649956e-05
-2.3661992012e-17
5.0361359862e-16
3.8559591159e-05
-1.8198646124e-04
8.2390726996e-17
-6.9249626539e-16
-1.2929555959e-04
1.0027287396e+00
5.2692162813e-03
-4.7994434053e-03
1.4909575883e-16
-1.7378585760e-16
-1.8623207609e-05
1.6637840461e-16
1.0383976014e-15
4.9471454632e-05
-1.5199928342e-16
-6.3204890515e-17
-4.7863504549e-06
6.0307509937e-18
1.9939136946e-14
9.5587654283e-04
-1.3492535719e-16
-9.8482571985e-16
-1.1239695292e-04
9.7568222874e-17
-3.3932429113e-17
9.7537408179e-06
-3.2244455297e-18
3.7989470184e-14
-7.0925906695e-04
-8.2487968442e-04
-1.0876593859e-17
-8.9048140868e-17
-5.5048443867e-05
9.8699212804e-05
1.1097762832e-16
1.7172200532e-16
1.2802498318e-04
5.2692162813e-03
2.7886672825e-01
2.7659953679e-01
1.7491558983e-16
3.8421342649e-17
-2.4915849045e-05
1.1431280110e-16
-2.5484843542e-16
-1.8740757478e-05
-1.1428774037e-17
7.6188069136e-17
-1.5562897620e-07
1.6923616763e-18
-1.5991506784e-15
1.2285089352e-02
-1.8384322383e-16
5.5197288455e-16
5.0266230093e-05
2.5863622328e-16
-9.3792953532e-17
-4.7686793550e-06
-8.0759648642e-19
-5.8023370586e-12
-1.3953772346e-03
-1.4858535936e-03
-1.0794172280e-17
-8.3220351296e-17
-5.0194766222e-05
8.7388066722e-05
1.1367387287e-16
1.7070960247e-16
1.5400677993e-04
-4.7994434053e-03
2.7659953679e-01
3.0313951569e-01
4.3903485129e-17
-4.3342683084e-16
5.9512783331e-06
4.9424364615e-17
-5.8868415562e-16
-4.6798085800e-05
-1.4290918008e-17
7.5527176093e-17
4.1582976734e-06
3.3876101117e-18
2.2655810133e-15
1.3847798495e-02
-1.9645387600e-16
5.3660307415e-16
6.0828500065e-05
2.7036075871e-16
-9.5780956700e-17
-1.0012680012e-06
-4.7884060801e-20
-6.4162224925e-12
2.7090238826e-16
1.9908036476e-16
4.5251801274e-05
-1.1551258934e-16
3.5207426169e-17
-3.6172237511e-16
-2.2320685577e-04
-1.3355525552e-16
-3.6738354108e-17
1.4909575883e-16
1.7491558983e-16
4.3903485129e-17
4.7948027180e-01
4.1711850459e-16
-2.9655954667e-16
2.9296235951e-01
2.8404598301e-16
-1.1014378639e-16
9.3304855969e-17
3.1783411074e-17
2.2264868991e-17
1.5816115711e-06
-1.9919966749e-17
2.4229373452e-16
3.7081644495e-02
-1.5743500172e-16
1.5764048068e-16
1.4271397061e-17
6.2650915682e-17
3.7137652239e-17
2.5785969986e-07
-2.1844723279e-18
9.1809419868e-17
7.5720011797e-17
1.2266021521e-17
4.5251801485e-05
3.0013436212e-17
-3.3041328769e-16
2.4301838591e-16
-2.2320685697e-04
1.3554791686e-17
-1.7378585760e-16
3.8421342649e-17
-4.3342683084e-16
4.1711850459e-16
4.7948027176e-01
1.6509522363e-16
1.7561128248e-16
2.9296235949e-01
-4.0844875986e-16
-1.0093003138e-16
1.5816115709e-06
-7.1220182983e-17
4.8811614511e-17
-1.2892511421e-17
8.9294955397e-16
1.1011885112e-16
3.7081644544e-02
3.9203779049e-16
-2.6791267053e-16
2.5785970173e-07
1.0944814951e-16
-9.4964772032e-18
-1.0640399963e-17
3.4050362731e-03
4.1659941947e-03
2.3128893621e-18
-1.5782257429e-17
1.5875069395e-04
8.8600092959e-04
1.2180080275e-17
1.0700452770e-16
-8.6233745019e-04
-1.8623207609e-05
-2.4915849045e-05
5.9512783331e-06
-2.9655954667e-16
1.6509522363e-16
4.7956469550e-01
-5.3298956402e-18
2.6357809236e-16
2.9297483339e-01
7.3074890220e-17
-1.5241344087e-16
4.1189559268e-06
-1.3988012033e-16
5.1436888659e-16
-4.8146021073e-05
-1.6774846200e-17
-2.9626684357e-16
3.7132043368e-02
3.6745701949e-17
3.8597306485e-17
-6.1722141944e-06
2.0601833856e-17
-2.4032778970e-15
1.9925497277e-16
1.4715498646e-16
2.7494430103e-05
-6.9906135024e-17
1.8385508141e-17
-2.2654274765e-16
-1.3017076792e-04
-8.6471676553e-17
-2.0290594346e-17
1.6637840461e-16
1.1431280110e-16
4.9424364615e-17
2.9296235951e-01
1.7561128248e-16
-5.3298956402e-18
1.9397996244e-01
1.4461571780e-16
3.3093710813e-17
6.2884724013e-17
1.6494436519e-17
1.2573153046e-17
7.3446195565e-07
-9.1296499108e-18
1.3496587815e-16
2.4402081673e-02
-1.0708775271e-16
1.1169878989e-16
5.0497263293e-18
4.0610793022e-17
2.4883319628e-17
9.5645428790e-07
1.2867944853e-18
1.5015641962e-16
1.2078489001e-16
8.6945858569e-18
2.7494430246e-05
1.1922109383e-17
-2.0534497815e-16
1.5653324257e-16
-1.3017076873e-04
1.3606605631e-17
1.0383976014e-15
-2.5484843542e-16
-5.8868415562e-16
2.8404598301e-16
2.9296235949e-01
2.6357809236e-16
1.4461571780e-16
1.9397996244e-01
-1.4962394453e-16
-6.8424476172e-17
7.3446195544e-07
-3.7849048692e-17
2.9128491664e-17
-8.5482600342e-18
5.4658032054e-16
7.0393739488e-17
2.4402081707e-02
2.4777662480e-16
-1.7104729329e-16
9.5645428894e-07
5.8764617461e-17
-4.6880856583e-18
-7.5927752334e-18
2.0483630244e-03
2.5898622399e-03
2.3492312922e-18
-9.3361586568e-18
1.2136675898e-04
4.7375097370e-04
4.4268034227e-18
5.9937682259e-17
-6.6901898011e-04
4.9471454632e-05
-1.8740757478e-05
-4.6798085800e-05
-1.1014378639e-16
-4.0844875986e-16
2.9297483339e-01
3.3093710813e-17
-1.4962394453e-16
1.9402421554e-01
4.5356919005e-17
-9.7394779911e-17
-9.4842982596e-07
-8.7529919432e-17
-2.9106928858e-16
2.0194083665e-05
-1.2578041207e-17
-2.1092625614e-16
2.4362578915e-02
3.5684774323e-17
2.5873455905e-17
-2.7693989701e-06
1.2121609221e-17
-3.2224786451e-15
2.5803280449e-17
1.9918453969e-17
-4.3966026514e-19
1.2259966811e-18
1.7985978992e-19
5.8184751306e-19
2.1971752022e-19
-5.9825356831e-19
-1.0297161586e-19
-1.5199928342e-16
-1.1428774037e-17
-1.4290918008e-17
9.3304855969e-17
-1.0093003138e-16
7.3074890220e-17
6.2884724013e-17
-6.8424476172e-17
4.5356919005e-17
1.0004646743e-03
7.8852772164e-19
-7.0503031395e-19
-7.9603756548e-19
-2.3896405184e-23
-1.4709973683e-18
9.0008492695e-18
-7.2386139589e-18
5.4014074987e-18
3.6115131243e-04
-5.6168038453e-20
-4.0680725090e-19
-6.0708478895e-20
-1.1515476723e-20
-2.1718218200e-18
4.6777148145e-20
1.5478448300e-20
4.1085468832e-07
1.7631042176e-19
-2.2194913884e-20
-1.4381609534e-19
-1.4877186466e-06
4.9360822264e-19
-6.3204890515e-17
7.6188069136e-17
7.5527176093e-17
3.1783411074e-17
1.5816115709e-06
-1.5241344087e-16
1.6494436519e-17
7.3446195544e-07
-9.7394779911e-17
7.8852772164e-19
1.0006199048e-03
-9.0957489400e-21
-1.3309922756e-18
-1.0916652471e-19
3.3782642872e-18
2.0119332535e-18
6.7349875365e-07
-1.1860181392e-17
-1.9157776353e-19
3.6141744987e-04
2.3529531738e-19
4.8905701794e-19
-5.3201165727e-20
-6.2092923133e-05
-5.7034073265e-05
1.4206371202e-20
1.0283068967e-19
-1.2745231155e-06
3.8508274515e-06
-1.0570900979e-20
1.2613753072e-19
7.1381461783e-06
-4.7863504549e-06
-1.5562897620e-07
4.1582976734e-06
2.2264868991e-17
-7.1220182983e-17
4.1189559268e-06
1.2573153046e-17
-3.7849048692e-17
-9.4842982596e-07
-7.0503031395e-19
-9.0957489400e-21
1.0008650758e-03
-1.3248841026e-19
-1.5093373948e-14
-3.9237103461e-06
2.0066619684e-18
-5.1277792357e-18
5.6008884292e-06
-1.0141968301e-18
-1.2029812629e-19
3.6122565207e-04
7.7603616733e-20
5.8321258674e-15
-1.0035683393e-17
-1.0056439893e-17
4.1085468813e-07
-8.8727168749e-20
3.0612463876e-19
-2.7173458962e-19
-1.4877186460e-06
-1.3202912241e-19
-6.0511799364e-20
6.0307509937e-18
1.6923616763e-18
3.3876101117e-18
1.5816115711e-06
4.8811614511e-17
-1.3988012033e-16
7.3446195565e-07
2.9128491664e-17
-8.7529919432e-17
-7.9603756548e-19
-1.3309922756e-18
-1.3248841026e-19
1.0006199049e-03
-2.3230316878e-19
3.9751448203e-19
6.7349875319e-07
3.2915292343e-18
-1.1387889805e-17
1.4886105544e-19
3.8521030804e-19
5.9871788487e-20
3.6141744986e-04
5.4233133691e-21
1.3262686360e-14
1.0988582781e-14
4.7779256688e-19
-8.2182514504e-21
-5.1652111424e-16
2.8502830417e-15
-6.6715549650e-19
2.6248549604e-20
1.9935239066e-15
1.9939136946e-14
-1.5991506784e-15
2.2655810133e-15
-1.9919966749e-17
-1.2892511421e-17
5.1436888659e-16
-9.1296499108e-18
-8.5482600342e-18
-2.9106928858e-16
-2.3896405184e-23
-1.0916652471e-19
-1.5093373948e-14
-2.3230316878e-19
1.0004646743e-03
-2.1001427296e-14
-2.2281766782e-18
-1.2738563493e-18
1.5531921670e-15
1.1447684632e-20
1.1648494115e-19
5.6602672571e-15
1.2444152829e-19
3.6115131243e-04
7.1848885353e-04
6.7171993102e-04
-3.2627339901e-19
-1.9432063103e-18
-1.5175709705e-05
2.8097739964e-05
5.0200281442e-18
6.1576890057e-18
-1.0368710483e-05
9.5587654283e-04
1.2285089352e-02
1.3847798495e-02
2.4229373452e-16
8.9294955397e-16
-4.8146021073e-05
1.3496587815e-16
5.4658032054e-16
2.0194083665e-05
-1.4709973683e-18
3.3782642872e-18
-3.9237103461e-06
3.9751448203e-19
-2.1001427296e-14
7.0530752744e-04
7.6503615837e-18
9.4602768955e-17
-8.3475182718e-06
1.0822968052e-17
-4.0244255635e-18
-2.4034432061e-06
8.5205286347e-20
-3.4533291069e-13
-4.3497208573e-17
-3.6045559356e-17
-4.4643333030e-10
-8.7297805191e-18
2.1422271913e-18
-3.1541299813e-17
-2.1100754198e-05
-1.0953894236e-17
-2.5043115111e-18
-1.3492535719e-16
-1.8384322383e-16
-1.9645387600e-16
3.7081644495e-02
1.1011885112e-16
-1.6774846200e-17
2.4402081673e-02
7.0393739488e-17
-1.2578041207e-17
9.0008492695e-18
2.0119332535e-18
2.0066619684e-18
6.7349875319e-07
-2.2281766782e-18
7.6503615837e-18
3.0436272798e-03
-7.2055733411e-18
1.2370166595e-17
1.1716459561e-18
5.0467483535e-18
3.3975094006e-18
7.9566569414e-07
-4.9056232267e-19
-1.7671840940e-16
-1.4688877094e-16
1.1277937198e-18
-4.4641112468e-10
8.7741021458e-19
-3.4571491050e-17
1.9867156060e-17
-2.1100754324e-05
2.7370087767e-18
-9.8482571985e-16
5.5197288455e-16
5.3660307415e-16
-1.5743500172e-16
3.7081644544e-02
-2.9626684357e-16
-1.0708775271e-16
2.4402081707e-02
-2.1092625614e-16
-7.2386139589e-18
6.7349875365e-07
-5.1277792357e-18
3.2915292343e-18
-1.2738563493e-18
9.4602768955e-17
-7.2055733411e-18
3.0436272883e-03
7.6709412866e-18
-2.0775208239e-17
7.9566569512e-07
6.3966600377e-18
-7.9036527586e-19
-1.2482056100e-18
-3.9924178767e-04
-2.7562510118e-04
3.9779420188e-19
-1.1141802829e-18
3.0196402551e-05
3.7855486012e-05
5.7634918751e-19
7.6666501438e-18
-6.2806556145e-05
-1.1239695292e-04
5.0266230093e-05
6.0828500065e-05
1.5764048068e-16
3.9203779049e-16
3.7132043368e-02
1.1169878989e-16
2.4777662480e-16
2.4362578915e-02
5.4014074987e-18
-1.1860181392e-17
5.6008884292e-06
-1.1387889805e-17
1.5531921670e-15
-8.3475182718e-06
1.2370166595e-17
7.6709412866e-18
3.0480664388e-03
5.0406379237e-18
3.4828886829e-18
4.6260770558e-06
1.5104519841e-18
2.8582749152e-15
-7.1610409861e-17
-5.7925390772e-17
-1.8490389350e-19
5.4536380128e-19
4.0743196999e-19
-2.7217468308e-18
7.5803842943e-20
-4.5542272347e-19
4.4015734735e-19
9.7568222874e-17
2.5863622328e-16
2.7036075871e-16
1.4271397061e-17
-2.6791267053e-16
3.6745701949e-17
5.0497263293e-18
-1.7104729329e-16
3.5684774323e-17
3.6115131243e-04
-1.9157776353e-19
-1.0141968301e-18
1.4886105544e-19
1.1447684632e-20
1.0822968052e-17
1.1716459561e-18
-2.0775208239e-17
5.0406379237e-18
5.2051163547e-04
9.1997568322e-20
-7.5199609086e-19
1.1926749481e-19
-2.4696677066e-23
1.9252235017e-16
1.5646311336e-16
8.7996481029e-20
1.0395695844e-06
1.6216299096e-19
8.7529753776e-18
-8.6890214177e-20
-2.0636732874e-06
1.0590339639e-20
-3.3932429113e-17
-9.3792953532e-17
-9.5780956700e-17
6.2650915682e-17
2.5785970173e-07
3.8597306485e-17
4.0610793022e-17
9.5645428894e-07
2.5873455905e-17
-5.6168038453e-20
3.6141744987e-04
-1.2029812629e-19
3.8521030804e-19
1.1648494115e-19
-4.0244255635e-18
5.0467483535e-18
7.9566569512e-07
3.4828886829e-18
9.1997568322e-20
5.2131770584e-04
2.1646224786e-19
9.1365500252e-19
1.3984774135e-19
4.5142299625e-04
3.9538291008e-04
8.3832912515e-21
-1.9056623472e-19
-4.7263842181e-06
2.8182748607e-05
-5.3149898208e-20
2.4958153437e-19
7.3040072897e-06
9.7537408179e-06
-4.7686793550e-06
-1.0012680012e-06
3.7137652239e-17
1.0944814951e-16
-6.1722141944e-06
2.4883319628e-17
5.8764617461e-17
-2.7693989701e-06
-4.0680725090e-19
2.3529531738e-19
3.6122565207e-04
5.9871788487e-20
5.6602672571e-15
-2.4034432061e-06
3.3975094006e-18
6.3966600377e-18
4.6260770558e-06
-7.5199609086e-19
2.1646224786e-19
5.2194682256e-04
6.7491845724e-20
3.2187644565e-14
-7.2246219663e-17
-6.1026765730e-17
1.0395695840e-06
4.5323864398e-20
2.9548233388e-19
-3.0381800286e-18
-2.0636732861e-06
1.3984326697e-20
-1.3643668269e-19
-3.2244455297e-18
-8.0759648642e-19
-4.7884060801e-20
2.5785969986e-07
-9.4964772032e-18
2.0601833856e-17
9.5645428790e-07
-4.6880856583e-18
1.2121609221e-17
-6.0708478895e-20
4.8905701794e-19
7.7603616733e-20
3.6141744986e-04
1.2444152829e-19
8.5205286347e-20
7.9566569414e-07
-7.9036527586e-19
1.5104519841e-18
1.1926749481e-19
9.1365500252e-19
6.7491845724e-20
5.2131770579e-04
1.6836243755e-19
-4.4307964775e-14
-3.4465040797e-14
3.1490405458e-19
-1.0041002741e-20
6.9623176719e-17
1.0641590512e-15
-4.2458491037e-19
4.0050475857e-20
2.1623380863e-15
3.7989470184e-14
-5.8023370586e-12
-6.4162224925e-12
-2.1844723279e-18
-1.0640399963e-17
-2.4032778970e-15
1.2867944853e-18
-7.5927752334e-18
-3.2224786451e-15
-1.1515476723e-20
-5.3201165727e-20
5.8321258674e-15
5.4233133691e-21
3.6115131243e-04
-3.4533291069e-13
-4.9056232267e-19
-1.2482056100e-18
2.8582749152e-15
-2.4696677066e-23
1.3984774135e-19
3.2187644565e-14
1.6836243755e-19
5.2051163547e-04