1.0027002369e+00
5.2498462765e-03
-4.7179287694e-03
4.0996479041e-19
8.7121108852e-16
5.9041862257e-12
3.2846351914e-18
-1.0778419705e-15
4.2995017772e-12
1.5034194108e-16
4.7300336787e-16
-7.0424376401e-15
-2.7156361788e-16
-3.4564247788e-15
8.6461192900e-04
3.0208612609e-17
9.9580496681e-16
4.6114434500e-13
3.3010858458e-18
-5.3493013778e-16
8.6576867367e-14
1.9067171375e-16
4.1042603770e-14
5.2498462765e-03
2.7889723612e-01
2.7656759820e-01
4.8880154996e-17
-3.0128241226e-17
4.2582263714e-11
2.0247573251e-17
-2.3871925082e-17
8.6358670246e-12
2.9650151229e-17
9.7712877674e-18
-1.0071819215e-13
-1.4351649715e-17
-4.8349911250e-14
1.2346917068e-02
-2.6167887900e-18
1.8262987540e-17
2.5271780028e-13
2.1359895238e-16
-1.2217963464e-16
-1.1364718338e-11
1.4049146884e-17
-5.4699438844e-12
-4.7179287694e-03
2.7656759820e-01
3.0303982300e-01
-3.6669034379e-17
-2.6333490942e-16
5.9551223693e-11
-3.2474765979e-17
-1.7619957042e-16
1.9900961094e-11
2.4750768505e-17
-4.4058915799e-18
-8.1155099652e-14
-8.7911398149e-18
-3.8760722864e-14
1.3918081289e-02
-1.2042453093e-17
-3.1636057453e-18
1.3135447520e-12
2.2315733717e-16
-1.2136721467e-16
-1.2570723567e-11
1.3296184195e-17
-6.0492327005e-12
4.0996479041e-19
4.8880154996e-17
-3.6669034379e-17
4.7950754905e-01
1.3321741703e-16
5.9365369668e-17
2.9297379023e-01
-4.7842605588e-17
9.1697383814e-17
1.6342670355e-17
7.5059893951e-18
1.5497018000e-17
-1.6557942611e-12
-3.8556241442e-17
2.5050803438e-17
3.7041284921e-02
6.7056413814e-17
-1.9896847553e-16
-7.5669887308e-17
3.0367986734e-17
-7.4337412086e-18
-4.2473343906e-11
8.1449323932e-17
8.7121108852e-16
-3.0128241226e-17
-2.6333490942e-16
1.3321741703e-16
4.7950754901e-01
8.9509908336e-16
-5.0380118101e-17
2.9297379021e-01
1.5281336295e-16
-2.2491187890e-17
-1.6558458953e-12
-5.9421922369e-17
-4.4176059839e-17
-6.3059674957e-18
5.1655896542e-16
2.5913548311e-16
3.7041284965e-02
-5.0850291827e-16
-1.6077879592e-17
-4.2473108209e-11
8.9815887204e-17
-5.0804029463e-17
-4.1978930895e-18
5.9041862257e-12
4.2582263714e-11
5.9551223693e-11
5.9365369668e-17
8.9509908336e-16
4.7950754909e-01
3.3513878269e-17
3.9029950248e-16
2.9297379024e-01
-1.3461511981e-16
-4.9935250302e-17
-1.9119921333e-12
1.6966492968e-17
-2.5346184690e-17
-1.2079914555e-10
-9.0901259802e-17
-8.0446433255e-16
3.7041284864e-02
1.6563549641e-16
-1.1406693574e-16
-4.9043906566e-11
7.3915542351e-17
1.8970867058e-17
3.2846351914e-18
2.0247573251e-17
-3.2474765979e-17
2.9297379023e-01
-5.0380118101e-17
3.3513878269e-17
1.9398805301e-01
-1.0108293343e-16
5.1291612262e-17
1.0190214917e-17
4.2366819906e-18
9.3160038999e-18
-9.2740270189e-13
-2.4519536510e-17
1.6542724929e-17
2.4375584796e-02
3.7268963182e-17
-1.3014503675e-16
-4.5207519501e-17
1.9454668176e-17
-4.3444251425e-18
-2.8405063355e-11
4.9026808259e-17
-1.0778419705e-15
-2.3871925082e-17
-1.7619957042e-16
-4.7842605588e-17
2.9297379021e-01
3.9029950248e-16
-1.0108293343e-16
1.9398805301e-01
4.1863231447e-17
-1.3777698960e-17
-9.2743944655e-13
-3.3134530468e-17
-2.9514227209e-17
-3.8023956768e-18
3.2659053110e-16
1.6384140313e-16
2.4375584826e-02
-3.3932306603e-16
-9.3178652806e-18
-2.8404915430e-11
5.2778862596e-17
-3.6629072811e-17
-3.7279048164e-18
4.2995017772e-12
8.6358670246e-12
1.9900961094e-11
9.1697383814e-17
1.5281336295e-16
2.9297379024e-01
5.1291612262e-17
4.1863231447e-17
1.9398805302e-01
-8.5949982401e-17
-3.1069831524e-17
-1.0709044207e-12
9.7137903473e-18
-1.4096042978e-17
-8.1460355148e-11
-5.9584949868e-17
-5.2361308911e-16
2.4375584757e-02
1.0371845011e-16
-6.5286021275e-17
-3.2799290236e-11
5.2126024064e-17
1.0144972711e-17
1.5034194108e-16
2.9650151229e-17
2.4750768505e-17
1.6342670355e-17
-2.2491187890e-17
-1.3461511981e-16
1.0190214917e-17
-1.3777698960e-17
-8.5949982401e-17
1.0004183403e-03
1.3134030209e-18
-1.0105786676e-18
2.5139229338e-19
-4.8400535018e-20
6.5879430081e-19
1.0683259696e-18
-2.1299984084e-18
-1.0767119712e-17
3.6106698368e-04
-4.9578451106e-19
1.7516967251e-19
-2.6350605316e-19
2.5339455251e-19
4.7300336787e-16
9.7712877674e-18
-4.4058915799e-18
7.5059893951e-18
-1.6558458953e-12
-4.9935250302e-17
4.2366819906e-18
-9.2743944655e-13
-3.1069831524e-17
1.3134030209e-18
1.0004183403e-03
8.2213813325e-19
1.1592310837e-19
-1.0974717907e-18
1.7211359406e-18
2.8026714957e-19
-1.2489468830e-13
-3.8387666315e-18
2.0088830389e-19
3.6106698367e-04
-7.3511614973e-19
9.6120102520e-19
2.5102633790e-19
-7.0424376401e-15
-1.0071819215e-13
-8.1155099652e-14
1.5497018000e-17
-5.9421922369e-17
-1.9119921333e-12
9.3160038999e-18
-3.3134530468e-17
-1.0709044207e-12
-1.0105786676e-18
8.2213813325e-19
1.0004183403e-03
3.3043579789e-20
-1.5309422566e-14
-4.0824460473e-14
9.4571164469e-19
-4.0879753985e-18
-1.4421449002e-13
-9.0030539710e-20
-3.1921214449e-19
3.6106698366e-04
4.6004700782e-21
3.7834251477e-16
-2.7156361788e-16
-1.4351649715e-17
-8.7911398149e-18
-1.6557942611e-12
-4.4176059839e-17
1.6966492968e-17
-9.2740270189e-13
-2.9514227209e-17
9.7137903473e-18
2.5139229338e-19
1.1592310837e-19
3.3043579789e-20
1.0004183403e-03
-2.1752363943e-19
-1.1387354938e-18
-1.2488997647e-13
-4.5410041221e-18
1.2662973656e-18
-2.9131224208e-19
5.1556111855e-19
-2.2408148056e-19
3.6106698367e-04
-3.4191955553e-19
-3.4564247788e-15
-4.8349911250e-14
-3.8760722864e-14
-3.8556241442e-17
-6.3059674957e-18
-2.5346184690e-17
-2.4519536510e-17
-3.8023956768e-18
-1.4096042978e-17
-4.8400535018e-20
-1.0974717907e-18
-1.5309422566e-14
-2.1752363943e-19
1.0004183403e-03
-1.9712870456e-14
-2.6626529221e-18
-7.6912313937e-19
-1.5203276513e-18
3.7168741501e-20
-1.4876159996e-20
3.7851869762e-16
5.0153369370e-19
3.6106698369e-04
8.6461192900e-04
1.2346917068e-02
1.3918081289e-02
2.5050803438e-17
5.1655896542e-16
-1.2079914555e-10
1.6542724929e-17
3.2659053110e-16
-8.1460355148e-11
6.5879430081e-19
1.7211359406e-18
-4.0824460473e-14
-1.1387354938e-18
-1.9712870456e-14
6.9706136610e-04
1.7473266407e-18
4.3356879511e-17
-1.0216534162e-11
9.7349830257e-18
-5.8425071553e-18
-6.6639347314e-13
3.8788218496e-19
-3.2075691078e-13
3.0208612609e-17
-2.6167887900e-18
-1.2042453093e-17
3.7041284921e-02
2.5913548311e-16
-9.0901259802e-17
2.4375584796e-02
1.6384140313e-16
-5.9584949868e-17
1.0683259696e-18
2.8026714957e-19
9.4571164469e-19
-1.2488997647e-13
-2.6626529221e-18
1.7473266407e-18
3.0361121407e-03
2.6894887319e-17
-2.4711309909e-17
-5.6405925167e-18
2.3007328290e-18
-6.9757186676e-19
-3.6080665003e-12
5.9520724731e-18
9.9580496681e-16
1.8262987540e-17
-3.1636057453e-18
6.7056413814e-17
3.7041284965e-02
-8.0446433255e-16
3.7268963182e-17
2.4375584826e-02
-5.2361308911e-16
-2.1299984084e-18
-1.2489468830e-13
-4.0879753985e-18
-4.5410041221e-18
-7.6912313937e-19
4.3356879511e-17
2.6894887319e-17
3.0361121482e-03
-1.1027795721e-16
-1.4667485927e-18
-3.6080480148e-12
6.6062145626e-18
-5.3753991660e-18
-6.7337224250e-19
4.6114434500e-13
2.5271780028e-13
1.3135447520e-12
-1.9896847553e-16
-5.0850291827e-16
3.7041284864e-02
-1.3014503675e-16
-3.3932306603e-16
2.4375584757e-02
-1.0767119712e-17
-3.8387666315e-18
-1.4421449002e-13
1.2662973656e-18
-1.5203276513e-18
-1.0216534162e-11
-2.4711309909e-17
-1.1027795721e-16
3.0361121310e-03
1.3343040751e-17
-8.1653654258e-18
-4.1662297787e-12
6.3489381342e-18
1.2827671652e-18
3.3010858458e-18
2.1359895238e-16
2.2315733717e-16
-7.5669887308e-17
-1.6077879592e-17
1.6563549641e-16
-4.5207519501e-17
-9.3178652806e-18
1.0371845011e-16
3.6106698368e-04
2.0088830389e-19
-9.0030539710e-20
-2.9131224208e-19
3.7168741501e-20
9.7349830257e-18
-5.6405925167e-18
-1.4667485927e-18
1.3343040751e-17
5.1998685720e-04
-9.2624633817e-19
5.4849699573e-19
-6.7945811449e-19
2.3265857903e-19
-5.3493013778e-16
-1.2217963464e-16
-1.2136721467e-16
3.0367986734e-17
-4.2473108209e-11
-1.1406693574e-16
1.9454668176e-17
-2.8404915430e-11
-6.5286021275e-17
-4.9578451106e-19
3.6106698367e-04
-3.1921214449e-19
5.1556111855e-19
-1.4876159996e-20
-5.8425071553e-18
2.3007328290e-18
-3.6080480148e-12
-8.1653654258e-18
-9.2624633817e-19
5.1998685714e-04
-9.3670504003e-19
8.7539742970e-19
5.2517621242e-19
8.6576867367e-14
-1.1364718338e-11
-1.2570723567e-11
-7.4337412086e-18
8.9815887204e-17
-4.9043906566e-11
-4.3444251425e-18
5.2778862596e-17
-3.2799290236e-11
1.7516967251e-19
-7.3511614973e-19
3.6106698366e-04
-2.2408148056e-19
3.7851869762e-16
-6.6639347314e-13
-6.9757186676e-19
6.6062145626e-18
-4.1662297787e-12
5.4849699573e-19
-9.3670504003e-19
5.1998685708e-04
-2.1290272688e-19
2.0047489643e-14
1.9067171375e-16
1.4049146884e-17
1.3296184195e-17
-4.2473343906e-11
-5.0804029463e-17
7.3915542351e-17
-2.8405063355e-11
-3.6629072811e-17
5.2126024064e-17
-2.6350605316e-19
9.6120102520e-19
4.6004700782e-21
3.6106698367e-04
5.0153369370e-19
3.8788218496e-19
-3.6080665003e-12
-5.3753991660e-18
6.3489381342e-18
-6.7945811449e-19
8.7539742970e-19
-2.1290272688e-19
5.1998685709e-04
-3.0537017139e-19
4.1042603770e-14
-5.4699438844e-12
-6.0492327005e-12
8.1449323932e-17
-4.1978930895e-18
1.8970867058e-17
4.9026808259e-17
-3.7279048164e-18
1.0144972711e-17
2.5339455251e-19
2.5102633790e-19
3.7834251477e-16
-3.4191955553e-19
3.6106698369e-04
-3.2075691078e-13
5.9520724731e-18
-6.7337224250e-19
1.2827671652e-18
2.3265857903e-19
5.2517621242e-19
2.0047489643e-14
-3.0537017139e-19
5.1998685721e-04
1.0027002369e+00
5.2498462765e-03
-4.7179287694e-03
4.0996479041e-19
8.7121108852e-16
5.9041862257e-12
3.2846351914e-18
-1.0778419705e-15
4.2995017772e-12
1.5034194108e-16
4.7300336787e-16
-7.0424376401e-15
-2.7156361788e-16
-3.4564247788e-15
8.6461192900e-04
3.0208612609e-17
9.9580496681e-16
4.6114434500e-13
3.3010858458e-18
-5.3493013778e-16
8.6576867367e-14
1.9067171375e-16
4.1042603770e-14
5.2498462765e-03
2.7889723612e-01
2.7656759820e-01
4.8880154996e-17
-3.0128241226e-17
4.2582263714e-11
2.0247573251e-17
-2.3871925082e-17
8.6358670246e-12
2.9650151229e-17
9.7712877674e-18
-1.0071819215e-13
-1.4351649715e-17
-4.8349911250e-14
1.2346917068e-02
-2.6167887900e-18
1.8262987540e-17
2.5271780028e-13
2.1359895238e-16
-1.2217963464e-16
-1.1364718338e-11
1.4049146884e-17
-5.4699438844e-12
-4.7179287694e-03
2.7656759820e-01
3.0303982300e-01
-3.6669034379e-17
-2.6333490942e-16
5.9551223693e-11
-3.2474765979e-17
-1.7619957042e-16
1.9900961094e-11
2.4750768505e-17
-4.4058915799e-18
-8.1155099652e-14
-8.7911398149e-18
-3.8760722864e-14
1.3918081289e-02
-1.2042453093e-17
-3.1636057453e-18
1.3135447520e-12
2.2315733717e-16
-1.2136721467e-16
-1.2570723567e-11
1.3296184195e-17
-6.0492327005e-12
4.0996479041e-19
4.8880154996e-17
-3.6669034379e-17
4.7950754905e-01
1.3321741703e-16
5.9365369668e-17
2.9297379023e-01
-4.7842605588e-17
9.1697383814e-17
1.6342670355e-17
7.5059893951e-18
1.5497018000e-17
-1.6557942611e-12
-3.8556241442e-17
2.5050803438e-17
3.7041284921e-02
6.7056413814e-17
-1.9896847553e-16
-7.5669887308e-17
3.0367986734e-17
-7.4337412086e-18
-4.2473343906e-11
8.1449323932e-17
8.7121108852e-16
-3.0128241226e-17
-2.6333490942e-16
1.3321741703e-16
4.7950754901e-01
8.9509908336e-16
-5.0380118101e-17
2.9297379021e-01
1.5281336295e-16
-2.2491187890e-17
-1.6558458953e-12
-5.9421922369e-17
-4.4176059839e-17
-6.3059674957e-18
5.1655896542e-16
2.5913548311e-16
3.7041284965e-02
-5.0850291827e-16
-1.6077879592e-17
-4.2473108209e-11
8.9815887204e-17
-5.0804029463e-17
-4.1978930895e-18
5.9041862257e-12
4.2582263714e-11
5.9551223693e-11
5.9365369668e-17
8.9509908336e-16
4.7950754909e-01
3.3513878269e-17
3.9029950248e-16
2.9297379024e-01
-1.3461511981e-16
-4.9935250302e-17
-1.9119921333e-12
1.6966492968e-17
-2.5346184690e-17
-1.2079914555e-10
-9.0901259802e-17
-8.0446433255e-16
3.7041284864e-02
1.6563549641e-16
-1.1406693574e-16
-4.9043906566e-11
7.3915542351e-17
1.8970867058e-17
3.2846351914e-18
2.0247573251e-17
-3.2474765979e-17
2.9297379023e-01
-5.0380118101e-17
3.3513878269e-17
1.9398805301e-01
-1.0108293343e-16
5.1291612262e-17
1.0190214917e-17
4.2366819906e-18
9.3160038999e-18
-9.2740270189e-13
-2.4519536510e-17
1.6542724929e-17
2.4375584796e-02
3.7268963182e-17
-1.3014503675e-16
-4.5207519501e-17
1.9454668176e-17
-4.3444251425e-18
-2.8405063355e-11
4.9026808259e-17
-1.0778419705e-15
-2.3871925082e-17
-1.7619957042e-16
-4.7842605588e-17
2.9297379021e-01
3.9029950248e-16
-1.0108293343e-16
1.9398805301e-01
4.1863231447e-17
-1.3777698960e-17
-9.2743944655e-13
-3.3134530468e-17
-2.9514227209e-17
-3.8023956768e-18
3.2659053110e-16
1.6384140313e-16
2.4375584826e-02
-3.3932306603e-16
-9.3178652806e-18
-2.8404915430e-11
5.2778862596e-17
-3.6629072811e-17
-3.7279048164e-18
4.2995017772e-12
8.6358670246e-12
1.9900961094e-11
9.1697383814e-17
1.5281336295e-16
2.9297379024e-01
5.1291612262e-17
4.1863231447e-17
1.9398805302e-01
-8.5949982401e-17
-3.1069831524e-17
-1.0709044207e-12
9.7137903473e-18
-1.4096042978e-17
-8.1460355148e-11
-5.9584949868e-17
-5.2361308911e-16
2.4375584757e-02
1.0371845011e-16
-6.5286021275e-17
-3.2799290236e-11
5.2126024064e-17
1.0144972711e-17
1.5034194108e-16
2.9650151229e-17
2.4750768505e-17
1.6342670355e-17
-2.2491187890e-17
-1.3461511981e-16
1.0190214917e-17
-1.3777698960e-17
-8.5949982401e-17
1.0004183403e-03
1.3134030209e-18
-1.0105786676e-18
2.5139229338e-19
-4.8400535018e-20
6.5879430081e-19
1.0683259696e-18
-2.1299984084e-18
-1.0767119712e-17
3.6106698368e-04
-4.9578451106e-19
1.7516967251e-19
-2.6350605316e-19
2.5339455251e-19
4.7300336787e-16
9.7712877674e-18
-4.4058915799e-18
7.5059893951e-18
-1.6558458953e-12
-4.9935250302e-17
4.2366819906e-18
-9.2743944655e-13
-3.1069831524e-17
1.3134030209e-18
1.0004183403e-03
8.2213813325e-19
1.1592310837e-19
-1.0974717907e-18
1.7211359406e-18
2.8026714957e-19
-1.2489468830e-13
-3.8387666315e-18
2.0088830389e-19
3.6106698367e-04
-7.3511614973e-19
9.6120102520e-19
2.5102633790e-19
-7.0424376401e-15
-1.0071819215e-13
-8.1155099652e-14
1.5497018000e-17
-5.9421922369e-17
-1.9119921333e-12
9.3160038999e-18
-3.3134530468e-17
-1.0709044207e-12
-1.0105786676e-18
8.2213813325e-19
1.0004183403e-03
3.3043579789e-20
-1.5309422566e-14
-4.0824460473e-14
9.4571164469e-19
-4.0879753985e-18
-1.4421449002e-13
-9.0030539710e-20
-3.1921214449e-19
3.6106698366e-04
4.6004700782e-21
3.7834251477e-16
-2.7156361788e-16
-1.4351649715e-17
-8.7911398149e-18
-1.6557942611e-12
-4.4176059839e-17
1.6966492968e-17
-9.2740270189e-13
-2.9514227209e-17
9.7137903473e-18
2.5139229338e-19
1.1592310837e-19
3.3043579789e-20
1.0004183403e-03
-2.1752363943e-19
-1.1387354938e-18
-1.2488997647e-13
-4.5410041221e-18
1.2662973656e-18
-2.9131224208e-19
5.1556111855e-19
-2.2408148056e-19
3.6106698367e-04
-3.4191955553e-19
-3.4564247788e-15
-4.8349911250e-14
-3.8760722864e-14
-3.8556241442e-17
-6.3059674957e-18
-2.5346184690e-17
-2.4519536510e-17
-3.8023956768e-18
-1.4096042978e-17
-4.8400535018e-20
-1.0974717907e-18
-1.5309422566e-14
-2.1752363943e-19
1.0004183403e-03
-1.9712870456e-14
-2.6626529221e-18
-7.6912313937e-19
-1.5203276513e-18
3.7168741501e-20
-1.4876159996e-20
3.7851869762e-16
5.0153369370e-19
3.6106698369e-04
8.6461192900e-04
1.2346917068e-02
1.3918081289e-02
2.5050803438e-17
5.1655896542e-16
-1.2079914555e-10
1.6542724929e-17
3.2659053110e-16
-8.1460355148e-11
6.5879430081e-19
1.7211359406e-18
-4.0824460473e-14
-1.1387354938e-18
-1.9712870456e-14
6.9706136610e-04
1.7473266407e-18
4.3356879511e-17
-1.0216534162e-11
9.7349830257e-18
-5.8425071553e-18
-6.6639347314e-13
3.8788218496e-19
-3.2075691078e-13
3.0208612609e-17
-2.6167887900e-18
-1.2042453093e-17
3.7041284921e-02
2.5913548311e-16
-9.0901259802e-17
2.4375584796e-02
1.6384140313e-16
-5.9584949868e-17
1.0683259696e-18
2.8026714957e-19
9.4571164469e-19
-1.2488997647e-13
-2.6626529221e-18
1.7473266407e-18
3.0361121407e-03
2.6894887319e-17
-2.4711309909e-17
-5.6405925167e-18
2.3007328290e-18
-6.9757186676e-19
-3.6080665003e-12
5.9520724731e-18
9.9580496681e-16
1.8262987540e-17
-3.1636057453e-18
6.7056413814e-17
3.7041284965e-02
-8.0446433255e-16
3.7268963182e-17
2.4375584826e-02
-5.2361308911e-16
-2.1299984084e-18
-1.2489468830e-13
-4.0879753985e-18
-4.5410041221e-18
-7.6912313937e-19
4.3356879511e-17
2.6894887319e-17
3.0361121482e-03
-1.1027795721e-16
-1.4667485927e-18
-3.6080480148e-12
6.6062145626e-18
-5.3753991660e-18
-6.7337224250e-19
4.6114434500e-13
2.5271780028e-13
1.3135447520e-12
-1.9896847553e-16
-5.0850291827e-16
3.7041284864e-02
-1.3014503675e-16
-3.3932306603e-16
2.4375584757e-02
-1.0767119712e-17
-3.8387666315e-18
-1.4421449002e-13
1.2662973656e-18
-1.5203276513e-18
-1.0216534162e-11
-2.4711309909e-17
-1.1027795721e-16
3.0361121310e-03
1.3343040751e-17
-8.1653654258e-18
-4.1662297787e-12
6.3489381342e-18
1.2827671652e-18
3.3010858458e-18
2.1359895238e-16
2.2315733717e-16
-7.5669887308e-17
-1.6077879592e-17
1.6563549641e-16
-4.5207519501e-17
-9.3178652806e-18
1.0371845011e-16
3.6106698368e-04
2.0088830389e-19
-9.0030539710e-20
-2.9131224208e-19
3.7168741501e-20
9.7349830257e-18
-5.6405925167e-18
-1.4667485927e-18
1.3343040751e-17
5.1998685720e-04
-9.2624633817e-19
5.4849699573e-19
-6.7945811449e-19
2.3265857903e-19
-5.3493013778e-16
-1.2217963464e-16
-1.2136721467e-16
3.0367986734e-17
-4.2473108209e-11
-1.1406693574e-16
1.9454668176e-17
-2.8404915430e-11
-6.5286021275e-17
-4.9578451106e-19
3.6106698367e-04
-3.1921214449e-19
5.1556111855e-19
-1.4876159996e-20
-5.8425071553e-18
2.3007328290e-18
-3.6080480148e-12
-8.1653654258e-18
-9.2624633817e-19
5.1998685714e-04
-9.3670504003e-19
8.7539742970e-19
5.2517621242e-19
8.6576867367e-14
-1.1364718338e-11
-1.2570723567e-11
-7.4337412086e-18
8.9815887204e-17
-4.9043906566e-11
-4.3444251425e-18
5.2778862596e-17
-3.2799290236e-11
1.7516967251e-19
-7.3511614973e-19
3.6106698366e-04
-2.2408148056e-19
3.7851869762e-16
-6.6639347314e-13
-6.9757186676e-19
6.6062145626e-18
-4.1662297787e-12
5.4849699573e-19
-9.3670504003e-19
5.1998685708e-04
-2.1290272688e-19
2.0047489643e-14
1.9067171375e-16
1.4049146884e-17
1.3296184195e-17
-4.2473343906e-11
-5.0804029463e-17
7.3915542351e-17
-2.8405063355e-11
-3.6629072811e-17
5.2126024064e-17
-2.6350605316e-19
9.6120102520e-19
4.6004700782e-21
3.6106698367e-04
5.0153369370e-19
3.8788218496e-19
-3.6080665003e-12
-5.3753991660e-18
6.3489381342e-18
-6.7945811449e-19
8.7539742970e-19
-2.1290272688e-19
5.1998685709e-04
-3.0537017139e-19
4.1042603770e-14
-5.4699438844e-12
-6.0492327005e-12
8.1449323932e-17
-4.1978930895e-18
1.8970867058e-17
4.9026808259e-17
-3.7279048164e-18
1.0144972711e-17
2.5339455251e-19
2.5102633790e-19
3.7834251477e-16
-3.4191955553e-19
3.6106698369e-04
-3.2075691078e-13
5.9520724731e-18
-6.7337224250e-19
1.2827671652e-18
2.3265857903e-19
5.2517621242e-19
2.0047489643e-14
-3.0537017139e-19
5.1998685721e-04