3.5351091489e-01
2.8934745170e-01
-4.3193542884e-17
1.5582917047e-17
-1.7747921771e-17
1.6145831517e-02
-2.3882589062e-16
1.9826042818e-17
2.4569262223e-17
2.8934745170e-01
2.4796363864e-01
-3.0175341658e-17
1.2225321789e-17
-1.4058768085e-17
1.3606319197e-02
-1.9261815393e-16
1.6224063796e-17
2.0126692987e-17
-4.3193542884e-17
-3.0175341658e-17
6.3937668138e-04
-4.0910902039e-19
8.4534358085e-21
-1.5661060915e-18
1.5996745620e-04
8.7297773770e-20
-5.3916305342e-21
1.5582917047e-17
1.2225321789e-17
-4.0910902039e-19
6.3937668139e-04
-2.2075886130e-19
5.9232687479e-19
5.2323991439e-19
1.5996745622e-04
-5.3736015818e-20
-1.7747921771e-17
-1.4058768085e-17
8.4534358085e-21
-2.2075886130e-19
6.3937668134e-04
-7.3824481472e-19
-4.8375691568e-21
1.1588223164e-19
1.5996745611e-04
1.6145831517e-02
1.3606319197e-02
-1.5661060915e-18
5.9232687479e-19
-7.3824481472e-19
7.8439649709e-04
-1.0792379825e-17
8.9346303519e-19
1.1614027246e-18
-2.3882589062e-16
-1.9261815393e-16
1.5996745620e-04
5.2323991439e-19
-4.8375691568e-21
-1.0792379825e-17
1.0273336573e-04
2.0216933036e-19
-1.7585829658e-21
1.9826042818e-17
1.6224063796e-17
8.7297773770e-20
1.5996745622e-04
1.1588223164e-19
8.9346303519e-19
2.0216933036e-19
1.0273336576e-04
2.8591773410e-20
2.4569262223e-17
2.0126692987e-17
-5.3916305342e-21
-5.3736015818e-20
1.5996745611e-04
1.1614027246e-18
-1.7585829658e-21
2.8591773410e-20
1.0273336560e-04
3.5351091489e-01
2.8934745170e-01
-4.3193542884e-17
1.5582917047e-17
-1.7747921771e-17
1.6145831517e-02
-2.3882589062e-16
1.9826042818e-17
2.4569262223e-17
2.8934745170e-01
2.4796363864e-01
-3.0175341658e-17
1.2225321789e-17
-1.4058768085e-17
1.3606319197e-02
-1.9261815393e-16
1.6224063796e-17
2.0126692987e-17
-4.3193542884e-17
-3.0175341658e-17
6.3937668138e-04
-4.0910902039e-19
8.4534358085e-21
-1.5661060915e-18
1.5996745620e-04
8.7297773770e-20
-5.3916305342e-21
1.5582917047e-17
1.2225321789e-17
-4.0910902039e-19
6.3937668139e-04
-2.2075886130e-19
5.9232687479e-19
5.2323991439e-19
1.5996745622e-04
-5.3736015818e-20
-1.7747921771e-17
-1.4058768085e-17
8.4534358085e-21
-2.2075886130e-19
6.3937668134e-04
-7.3824481472e-19
-4.8375691568e-21
1.1588223164e-19
1.5996745611e-04
1.6145831517e-02
1.3606319197e-02
-1.5661060915e-18
5.9232687479e-19
-7.3824481472e-19
7.8439649709e-04
-1.0792379825e-17
8.9346303519e-19
1.1614027246e-18
-2.3882589062e-16
-1.9261815393e-16
1.5996745620e-04
5.2323991439e-19
-4.8375691568e-21
-1.0792379825e-17
1.0273336573e-04
2.0216933036e-19
-1.7585829658e-21
1.9826042818e-17
1.6224063796e-17
8.7297773770e-20
1.5996745622e-04
1.1588223164e-19
8.9346303519e-19
2.0216933036e-19
1.0273336576e-04
2.8591773410e-20
2.4569262223e-17
2.0126692987e-17
-5.3916305342e-21
-5.3736015818e-20
1.5996745611e-04
1.1614027246e-18
-1.7585829658e-21
2.8591773410e-20
1.0273336560e-04