1.0027003077e+00
5.2529873549e-03
-4.7148213738e-03
2.3269935310e-16
7.2054765118e-16
-1.3306216567e-05
9.8637980897e-17
-1.1631095710e-15
-8.7442178564e-06
1.5300491116e-16
4.6086482003e-16
-4.1718905888e-08
-2.5683388638e-16
-8.9442034845e-18
8.6466312257e-04
7.2077839832e-17
9.8136465999e-16
-1.0284290721e-06
1.0244947014e-17
-4.5714235100e-16
5.9189042557e-09
2.0329092582e-16
2.8219099600e-17
5.2529873549e-03
2.7890996443e-01
2.7656199868e-01
8.2191520513e-16
-5.0830733267e-16
-1.3125217396e-05
3.6884150228e-16
-2.5274787641e-16
-1.9343431355e-06
-1.1347834313e-17
-9.0914798972e-17
-7.1572686391e-08
-1.9469830151e-16
-2.7223364817e-17
1.2355956938e-02
6.8003566075e-17
-2.7391151414e-17
-1.5302665658e-05
1.6968963472e-16
-6.0176645767e-17
3.8897684490e-08
2.2721400469e-16
-3.1530723875e-17
-4.7148213738e-03
2.7656199868e-01
3.0301378015e-01
-1.6406179360e-16
-1.5288035463e-16
1.1108056801e-04
-2.1256153999e-16
-5.6562543800e-17
8.1396601172e-05
-1.3540374445e-17
-1.0583535082e-16
-1.1609553516e-07
-1.9436379905e-16
-2.4217655679e-17
1.3927584427e-02
1.8716601914e-18
-9.7256166717e-18
-6.7855775175e-06
1.7204006875e-16
-6.7018185934e-17
-8.8047230383e-10
2.3209360722e-16
-3.5283202577e-17
2.3269935310e-16
8.2191520513e-16
-1.6406179360e-16
4.7951859078e-01
-3.7626594631e-16
1.6256984324e-16
2.9295543468e-01
-2.7240600898e-16
8.3119792588e-17
1.1138407754e-16
7.6614359448e-19
-1.8025074337e-17
-5.5858631684e-07
-5.4453253057e-17
-2.8696619790e-16
3.7071857402e-02
2.6967805260e-17
9.3391739540e-17
-2.7922947714e-16
-2.7501500196e-17
-9.3524255127e-17
2.6150933226e-07
1.4853120544e-17
7.2054765118e-16
-5.0830733267e-16
-1.5288035463e-16
-3.7626594631e-16
4.7951859078e-01
1.0857260757e-15
-2.8906206874e-16
2.9295543468e-01
-1.2619441855e-16
8.0956218399e-17
-5.5858631696e-07
-1.6748937538e-16
-1.0533449370e-17
2.1780274467e-17
7.7972926726e-16
-1.9314810007e-16
3.7071857402e-02
-3.1861291775e-17
-1.0338583872e-16
2.6150933228e-07
-4.0478781873e-18
-9.7789367088e-17
5.4989431968e-17
-1.3306216567e-05
-1.3125217396e-05
1.1108056801e-04
1.6256984324e-16
1.0857260757e-15
4.7948867512e-01
8.3193931361e-18
4.8876504318e-16
2.9286676275e-01
2.6535681432e-16
-2.2836160863e-17
-4.2222512666e-07
-4.4768589491e-19
-7.8272152554e-17
-1.5238137153e-04
-8.7405686653e-17
-9.8547395144e-16
3.7268368420e-02
-8.1406354242e-18
-1.0426945200e-16
-6.7013340631e-07
-6.4339425404e-17
3.8951171283e-17
9.8637980897e-17
3.6884150228e-16
-2.1256153999e-16
2.9295543468e-01
-2.8906206874e-16
8.3193931361e-18
1.9396091386e-01
-2.2209896269e-16
-2.8104345289e-21
7.0653402539e-17
2.3671158896e-18
-1.0580851296e-17
-3.1352129070e-07
-3.9556862293e-17
-1.9721811906e-16
2.4394351146e-02
1.3898100834e-17
4.5462853545e-17
-1.7323103765e-16
-2.0773948263e-17
-5.8634637737e-17
1.1163981371e-07
6.0507044742e-18
-1.1631095710e-15
-2.5274787641e-16
-5.6562543800e-17
-2.7240600898e-16
2.9295543468e-01
4.8876504318e-16
-2.2209896269e-16
1.9396091386e-01
-1.4976412163e-16
4.9423673594e-17
-3.1352129078e-07
-1.0463229110e-16
-7.7306531926e-18
1.1509160313e-17
5.0667940974e-16
-1.2210829194e-16
2.4394351146e-02
-2.9849654097e-17
-6.8251438683e-17
1.1163981372e-07
-8.5645413334e-19
-5.8504395661e-17
3.3717049897e-17
-8.7442178564e-06
-1.9343431355e-06
8.1396601172e-05
8.3119792588e-17
-1.2619441855e-16
2.9286676275e-01
-2.8104345289e-21
-1.4976412163e-16
1.9385520651e-01
1.5509482333e-16
-1.6492649502e-17
-2.1113260036e-07
-1.8874629681e-18
-4.6668312124e-17
-1.0057304652e-04
-5.9357515871e-17
-6.7193696874e-16
2.4518765022e-02
-4.4886455974e-18
-5.9130722236e-17
-5.0690520356e-07
-4.1119926145e-17
2.2924374879e-17
1.5300491116e-16
-1.1347834313e-17
-1.3540374445e-17
1.1138407754e-16
8.0956218399e-17
2.6535681432e-16
7.0653402539e-17
4.9423673594e-17
1.5509482333e-16
1.0004120061e-03
5.0395025808e-19
-9.4632987993e-19
1.6918666223e-19
9.4559652555e-21
-5.6590275439e-19
9.3725343886e-18
6.7468954526e-18
1.9645726824e-17
3.6105155980e-04
-9.0079683218e-20
5.6203997713e-19
-9.6439588538e-19
1.6222720174e-19
4.6086482003e-16
-9.0914798972e-17
-1.0583535082e-16
7.6614359448e-19
-5.5858631696e-07
-2.2836160863e-17
2.3671158896e-18
-3.1352129078e-07
-1.6492649502e-17
5.0395025808e-19
1.0003881482e-03
5.8016850429e-19
1.5101882015e-19
-9.0514332924e-19
-2.3204079922e-18
-1.0802948388e-19
-3.9029299348e-08
-2.1570742916e-18
7.7356671725e-19
3.6106067800e-04
-5.6864745103e-19
5.6917940417e-19
3.6023126686e-19
-4.1718905888e-08
-7.1572686391e-08
-1.1609553516e-07
-1.8025074337e-17
-1.6748937538e-16
-4.2222512666e-07
-1.0580851296e-17
-1.0463229110e-16
-2.1113260036e-07
-9.4632987993e-19
5.8016850429e-19
1.0003803244e-03
-1.1322305445e-18
-1.3421092814e-18
5.5968262944e-08
-1.4705667024e-18
-1.3458555265e-17
-3.2040798241e-08
4.3460794351e-19
-1.3351660830e-19
3.6106357895e-04
-2.8529619457e-19
-3.6403411358e-19
-2.5683388638e-16
-1.9469830151e-16
-1.9436379905e-16
-5.5858631684e-07
-1.0533449370e-17
-4.4768589491e-19
-3.1352129070e-07
-7.7306531926e-18
-1.8874629681e-18
1.6918666223e-19
1.5101882015e-19
-1.1322305445e-18
1.0003881482e-03
1.3407110713e-19
-8.6046631792e-18
-3.9029299339e-08
-6.3923979326e-19
-3.2919099722e-19
-5.7424628160e-19
-2.4405287748e-19
-4.8745815472e-19
3.6106067800e-04
-5.8379570648e-21
-8.9442034845e-18
-2.7223364817e-17
-2.4217655679e-17
-5.4453253057e-17
2.1780274467e-17
-7.8272152554e-17
-3.9556862293e-17
1.1509160313e-17
-4.6668312124e-17
9.4559652555e-21
-9.0514332924e-19
-1.3421092814e-18
1.3407110713e-19
1.0004120090e-03
-2.1609005749e-18
-4.6575164093e-18
1.0060889017e-18
-5.5150978555e-18
6.0682473396e-20
9.4395725709e-20
-2.8701921114e-19
6.9428365632e-19
3.6105155788e-04
8.6466312257e-04
1.2355956938e-02
1.3927584427e-02
-2.8696619790e-16
7.7972926726e-16
-1.5238137153e-04
-1.9721811906e-16
5.0667940974e-16
-1.0057304652e-04
-5.6590275439e-19
-2.3204079922e-18
5.5968262944e-08
-8.6046631792e-18
-2.1609005749e-18
6.9820815282e-04
-2.3489597694e-17
6.5312031783e-17
-1.3322731468e-05
7.9385662655e-18
-3.1721093715e-18
1.2305480756e-07
1.0826533713e-17
-1.9266784224e-18
7.2077839832e-17
6.8003566075e-17
1.8716601914e-18
3.7071857402e-02
-1.9314810007e-16
-8.7405686653e-17
2.4394351146e-02
-1.2210829194e-16
-5.9357515871e-17
9.3725343886e-18
-1.0802948388e-19
-1.4705667024e-18
-3.9029299339e-08
-4.6575164093e-18
-2.3489597694e-17
3.0412102850e-03
-9.5119704507e-18
-1.8226094015e-18
-2.1199841429e-17
-2.6934511235e-18
-7.2989748104e-18
-2.8077765193e-08
5.0527224453e-19
9.8136465999e-16
-2.7391151414e-17
-9.7256166717e-18
2.6967805260e-17
3.7071857402e-02
-9.8547395144e-16
1.3898100834e-17
2.4394351146e-02
-6.7193696874e-16
6.7468954526e-18
-3.9029299348e-08
-1.3458555265e-17
-6.3923979326e-19
1.0060889017e-18
6.5312031783e-17
-9.5119704507e-18
3.0412102850e-03
-8.7174469236e-17
-8.3786351117e-18
-2.8077765192e-08
-2.4148037611e-19
-7.0789369073e-18
3.9235782890e-18
-1.0284290721e-06
-1.5302665658e-05
-6.7855775175e-06
9.3391739540e-17
-3.1861291775e-17
3.7268368420e-02
4.5462853545e-17
-2.9849654097e-17
2.4518765022e-02
1.9645726824e-17
-2.1570742916e-18
-3.2040798241e-08
-3.2919099722e-19
-5.5150978555e-18
-1.3322731468e-05
-1.8226094015e-18
-8.7174469236e-17
3.0735972610e-03
-3.8443872660e-19
-7.3905982205e-18
-1.2043800910e-07
-5.3139479909e-18
2.9340819472e-18
1.0244947014e-17
1.6968963472e-16
1.7204006875e-16
-2.7922947714e-16
-1.0338583872e-16
-8.1406354242e-18
-1.7323103765e-16
-6.8251438683e-17
-4.4886455974e-18
3.6105155980e-04
7.7356671725e-19
4.3460794351e-19
-5.7424628160e-19
6.0682473396e-20
7.9385662655e-18
-2.1199841429e-17
-8.3786351117e-18
-3.8443872660e-19
5.1995789642e-04
-3.0264536802e-19
1.2628990339e-18
-1.5541101665e-18
1.3542837208e-19
-4.5714235100e-16
-6.0176645767e-17
-6.7018185934e-17
-2.7501500196e-17
2.6150933228e-07
-1.0426945200e-16
-2.0773948263e-17
1.1163981372e-07
-5.9130722236e-17
-9.0079683218e-20
3.6106067800e-04
-1.3351660830e-19
-2.4405287748e-19
9.4395725709e-20
-3.1721093715e-18
-2.6934511235e-18
-2.8077765192e-08
-7.3905982205e-18
-3.0264536802e-19
5.1999669198e-04
-8.6642840512e-19
2.9657214080e-21
8.4403127259e-19
5.9189042557e-09
3.8897684490e-08
-8.8047230383e-10
-9.3524255127e-17
-4.0478781873e-18
-6.7013340631e-07
-5.8634637737e-17
-8.5645413334e-19
-5.0690520356e-07
5.6203997713e-19
-5.6864745103e-19
3.6106357895e-04
-4.8745815472e-19
-2.8701921114e-19
1.2305480756e-07
-7.2989748104e-18
-2.4148037611e-19
-1.2043800910e-07
1.2628990339e-18
-8.6642840512e-19
5.2000895816e-04
-6.2248066749e-19
-2.1850956166e-19
2.0329092582e-16
2.2721400469e-16
2.3209360722e-16
2.6150933226e-07
-9.7789367088e-17
-6.4339425404e-17
1.1163981371e-07
-5.8504395661e-17
-4.1119926145e-17
-9.6439588538e-19
5.6917940417e-19
-2.8529619457e-19
3.6106067800e-04
6.9428365632e-19
1.0826533713e-17
-2.8077765193e-08
-7.0789369073e-18
-5.3139479909e-18
-1.5541101665e-18
2.9657214080e-21
-6.2248066749e-19
5.1999669198e-04
1.2398616192e-19
2.8219099600e-17
-3.1530723875e-17
-3.5283202577e-17
1.4853120544e-17
5.4989431968e-17
3.8951171283e-17
6.0507044742e-18
3.3717049897e-17
2.2924374879e-17
1.6222720174e-19
3.6023126686e-19
-3.6403411358e-19
-5.8379570648e-21
3.6105155788e-04
-1.9266784224e-18
5.0527224453e-19
3.9235782890e-18
2.9340819472e-18
1.3542837208e-19
8.4403127259e-19
-2.1850956166e-19
1.2398616192e-19
5.1995788330e-04
1.0027003077e+00
5.2529873549e-03
-4.7148213738e-03
2.3269935310e-16
7.2054765118e-16
-1.3306216567e-05
9.8637980897e-17
-1.1631095710e-15
-8.7442178564e-06
1.5300491116e-16
4.6086482003e-16
-4.1718905888e-08
-2.5683388638e-16
-8.9442034845e-18
8.6466312257e-04
7.2077839832e-17
9.8136465999e-16
-1.0284290721e-06
1.0244947014e-17
-4.5714235100e-16
5.9189042557e-09
2.0329092582e-16
2.8219099600e-17
5.2529873549e-03
2.7890996443e-01
2.7656199868e-01
8.2191520513e-16
-5.0830733267e-16
-1.3125217396e-05
3.6884150228e-16
-2.5274787641e-16
-1.9343431355e-06
-1.1347834313e-17
-9.0914798972e-17
-7.1572686391e-08
-1.9469830151e-16
-2.7223364817e-17
1.2355956938e-02
6.8003566075e-17
-2.7391151414e-17
-1.5302665658e-05
1.6968963472e-16
-6.0176645767e-17
3.8897684490e-08
2.2721400469e-16
-3.1530723875e-17
-4.7148213738e-03
2.7656199868e-01
3.0301378015e-01
-1.6406179360e-16
-1.5288035463e-16
1.1108056801e-04
-2.1256153999e-16
-5.6562543800e-17
8.1396601172e-05
-1.3540374445e-17
-1.0583535082e-16
-1.1609553516e-07
-1.9436379905e-16
-2.4217655679e-17
1.3927584427e-02
1.8716601914e-18
-9.7256166717e-18
-6.7855775175e-06
1.7204006875e-16
-6.7018185934e-17
-8.8047230383e-10
2.3209360722e-16
-3.5283202577e-17
2.3269935310e-16
8.2191520513e-16
-1.6406179360e-16
4.7951859078e-01
-3.7626594631e-16
1.6256984324e-16
2.9295543468e-01
-2.7240600898e-16
8.3119792588e-17
1.1138407754e-16
7.6614359448e-19
-1.8025074337e-17
-5.5858631684e-07
-5.4453253057e-17
-2.8696619790e-16
3.7071857402e-02
2.6967805260e-17
9.3391739540e-17
-2.7922947714e-16
-2.7501500196e-17
-9.3524255127e-17
2.6150933226e-07
1.4853120544e-17
7.2054765118e-16
-5.0830733267e-16
-1.5288035463e-16
-3.7626594631e-16
4.7951859078e-01
1.0857260757e-15
-2.8906206874e-16
2.9295543468e-01
-1.2619441855e-16
8.0956218399e-17
-5.5858631696e-07
-1.6748937538e-16
-1.0533449370e-17
2.1780274467e-17
7.7972926726e-16
-1.9314810007e-16
3.7071857402e-02
-3.1861291775e-17
-1.0338583872e-16
2.6150933228e-07
-4.0478781873e-18
-9.7789367088e-17
5.4989431968e-17
-1.3306216567e-05
-1.3125217396e-05
1.1108056801e-04
1.6256984324e-16
1.0857260757e-15
4.7948867512e-01
8.3193931361e-18
4.8876504318e-16
2.9286676275e-01
2.6535681432e-16
-2.2836160863e-17
-4.2222512666e-07
-4.4768589491e-19
-7.8272152554e-17
-1.5238137153e-04
-8.7405686653e-17
-9.8547395144e-16
3.7268368420e-02
-8.1406354242e-18
-1.0426945200e-16
-6.7013340631e-07
-6.4339425404e-17
3.8951171283e-17
9.8637980897e-17
3.6884150228e-16
-2.1256153999e-16
2.9295543468e-01
-2.8906206874e-16
8.3193931361e-18
1.9396091386e-01
-2.2209896269e-16
-2.8104345289e-21
7.0653402539e-17
2.3671158896e-18
-1.0580851296e-17
-3.1352129070e-07
-3.9556862293e-17
-1.9721811906e-16
2.4394351146e-02
1.3898100834e-17
4.5462853545e-17
-1.7323103765e-16
-2.0773948263e-17
-5.8634637737e-17
1.1163981371e-07
6.0507044742e-18
-1.1631095710e-15
-2.5274787641e-16
-5.6562543800e-17
-2.7240600898e-16
2.9295543468e-01
4.8876504318e-16
-2.2209896269e-16
1.9396091386e-01
-1.4976412163e-16
4.9423673594e-17
-3.1352129078e-07
-1.0463229110e-16
-7.7306531926e-18
1.1509160313e-17
5.0667940974e-16
-1.2210829194e-16
2.4394351146e-02
-2.9849654097e-17
-6.8251438683e-17
1.1163981372e-07
-8.5645413334e-19
-5.8504395661e-17
3.3717049897e-17
-8.7442178564e-06
-1.9343431355e-06
8.1396601172e-05
8.3119792588e-17
-1.2619441855e-16
2.9286676275e-01
-2.8104345289e-21
-1.4976412163e-16
1.9385520651e-01
1.5509482333e-16
-1.6492649502e-17
-2.1113260036e-07
-1.8874629681e-18
-4.6668312124e-17
-1.0057304652e-04
-5.9357515871e-17
-6.7193696874e-16
2.4518765022e-02
-4.4886455974e-18
-5.9130722236e-17
-5.0690520356e-07
-4.1119926145e-17
2.2924374879e-17
1.5300491116e-16
-1.1347834313e-17
-1.3540374445e-17
1.1138407754e-16
8.0956218399e-17
2.6535681432e-16
7.0653402539e-17
4.9423673594e-17
1.5509482333e-16
1.0004120061e-03
5.0395025808e-19
-9.4632987993e-19
1.6918666223e-19
9.4559652555e-21
-5.6590275439e-19
9.3725343886e-18
6.7468954526e-18
1.9645726824e-17
3.6105155980e-04
-9.0079683218e-20
5.6203997713e-19
-9.6439588538e-19
1.6222720174e-19
4.6086482003e-16
-9.0914798972e-17
-1.0583535082e-16
7.6614359448e-19
-5.5858631696e-07
-2.2836160863e-17
2.3671158896e-18
-3.1352129078e-07
-1.6492649502e-17
5.0395025808e-19
1.0003881482e-03
5.8016850429e-19
1.5101882015e-19
-9.0514332924e-19
-2.3204079922e-18
-1.0802948388e-19
-3.9029299348e-08
-2.1570742916e-18
7.7356671725e-19
3.6106067800e-04
-5.6864745103e-19
5.6917940417e-19
3.6023126686e-19
-4.1718905888e-08
-7.1572686391e-08
-1.1609553516e-07
-1.8025074337e-17
-1.6748937538e-16
-4.2222512666e-07
-1.0580851296e-17
-1.0463229110e-16
-2.1113260036e-07
-9.4632987993e-19
5.8016850429e-19
1.0003803244e-03
-1.1322305445e-18
-1.3421092814e-18
5.5968262944e-08
-1.4705667024e-18
-1.3458555265e-17
-3.2040798241e-08
4.3460794351e-19
-1.3351660830e-19
3.6106357895e-04
-2.8529619457e-19
-3.6403411358e-19
-2.5683388638e-16
-1.9469830151e-16
-1.9436379905e-16
-5.5858631684e-07
-1.0533449370e-17
-4.4768589491e-19
-3.1352129070e-07
-7.7306531926e-18
-1.8874629681e-18
1.6918666223e-19
1.5101882015e-19
-1.1322305445e-18
1.0003881482e-03
1.3407110713e-19
-8.6046631792e-18
-3.9029299339e-08
-6.3923979326e-19
-3.2919099722e-19
-5.7424628160e-19
-2.4405287748e-19
-4.8745815472e-19
3.6106067800e-04
-5.8379570648e-21
-8.9442034845e-18
-2.7223364817e-17
-2.4217655679e-17
-5.4453253057e-17
2.1780274467e-17
-7.8272152554e-17
-3.9556862293e-17
1.1509160313e-17
-4.6668312124e-17
9.4559652555e-21
-9.0514332924e-19
-1.3421092814e-18
1.3407110713e-19
1.0004120090e-03
-2.1609005749e-18
-4.6575164093e-18
1.0060889017e-18
-5.5150978555e-18
6.0682473396e-20
9.4395725709e-20
-2.8701921114e-19
6.9428365632e-19
3.6105155788e-04
8.6466312257e-04
1.2355956938e-02
1.3927584427e-02
-2.8696619790e-16
7.7972926726e-16
-1.5238137153e-04
-1.9721811906e-16
5.0667940974e-16
-1.0057304652e-04
-5.6590275439e-19
-2.3204079922e-18
5.5968262944e-08
-8.6046631792e-18
-2.1609005749e-18
6.9820815282e-04
-2.3489597694e-17
6.5312031783e-17
-1.3322731468e-05
7.9385662655e-18
-3.1721093715e-18
1.2305480756e-07
1.0826533713e-17
-1.9266784224e-18
7.2077839832e-17
6.8003566075e-17
1.8716601914e-18
3.7071857402e-02
-1.9314810007e-16
-8.7405686653e-17
2.4394351146e-02
-1.2210829194e-16
-5.9357515871e-17
9.3725343886e-18
-1.0802948388e-19
-1.4705667024e-18
-3.9029299339e-08
-4.6575164093e-18
-2.3489597694e-17
3.0412102850e-03
-9.5119704507e-18
-1.8226094015e-18
-2.1199841429e-17
-2.6934511235e-18
-7.2989748104e-18
-2.8077765193e-08
5.0527224453e-19
9.8136465999e-16
-2.7391151414e-17
-9.7256166717e-18
2.6967805260e-17
3.7071857402e-02
-9.8547395144e-16
1.3898100834e-17
2.4394351146e-02
-6.7193696874e-16
6.7468954526e-18
-3.9029299348e-08
-1.3458555265e-17
-6.3923979326e-19
1.0060889017e-18
6.5312031783e-17
-9.5119704507e-18
3.0412102850e-03
-8.7174469236e-17
-8.3786351117e-18
-2.8077765192e-08
-2.4148037611e-19
-7.0789369073e-18
3.9235782890e-18
-1.0284290721e-06
-1.5302665658e-05
-6.7855775175e-06
9.3391739540e-17
-3.1861291775e-17
3.7268368420e-02
4.5462853545e-17
-2.9849654097e-17
2.4518765022e-02
1.9645726824e-17
-2.1570742916e-18
-3.2040798241e-08
-3.2919099722e-19
-5.5150978555e-18
-1.3322731468e-05
-1.8226094015e-18
-8.7174469236e-17
3.0735972610e-03
-3.8443872660e-19
-7.3905982205e-18
-1.2043800910e-07
-5.3139479909e-18
2.9340819472e-18
1.0244947014e-17
1.6968963472e-16
1.7204006875e-16
-2.7922947714e-16
-1.0338583872e-16
-8.1406354242e-18
-1.7323103765e-16
-6.8251438683e-17
-4.4886455974e-18
3.6105155980e-04
7.7356671725e-19
4.3460794351e-19
-5.7424628160e-19
6.0682473396e-20
7.9385662655e-18
-2.1199841429e-17
-8.3786351117e-18
-3.8443872660e-19
5.1995789642e-04
-3.0264536802e-19
1.2628990339e-18
-1.5541101665e-18
1.3542837208e-19
-4.5714235100e-16
-6.0176645767e-17
-6.7018185934e-17
-2.7501500196e-17
2.6150933228e-07
-1.0426945200e-16
-2.0773948263e-17
1.1163981372e-07
-5.9130722236e-17
-9.0079683218e-20
3.6106067800e-04
-1.3351660830e-19
-2.4405287748e-19
9.4395725709e-20
-3.1721093715e-18
-2.6934511235e-18
-2.8077765192e-08
-7.3905982205e-18
-3.0264536802e-19
5.1999669198e-04
-8.6642840512e-19
2.9657214080e-21
8.4403127259e-19
5.9189042557e-09
3.8897684490e-08
-8.8047230383e-10
-9.3524255127e-17
-4.0478781873e-18
-6.7013340631e-07
-5.8634637737e-17
-8.5645413334e-19
-5.0690520356e-07
5.6203997713e-19
-5.6864745103e-19
3.6106357895e-04
-4.8745815472e-19
-2.8701921114e-19
1.2305480756e-07
-7.2989748104e-18
-2.4148037611e-19
-1.2043800910e-07
1.2628990339e-18
-8.6642840512e-19
5.2000895816e-04
-6.2248066749e-19
-2.1850956166e-19
2.0329092582e-16
2.2721400469e-16
2.3209360722e-16
2.6150933226e-07
-9.7789367088e-17
-6.4339425404e-17
1.1163981371e-07
-5.8504395661e-17
-4.1119926145e-17
-9.6439588538e-19
5.6917940417e-19
-2.8529619457e-19
3.6106067800e-04
6.9428365632e-19
1.0826533713e-17
-2.8077765193e-08
-7.0789369073e-18
-5.3139479909e-18
-1.5541101665e-18
2.9657214080e-21
-6.2248066749e-19
5.1999669198e-04
1.2398616192e-19
2.8219099600e-17
-3.1530723875e-17
-3.5283202577e-17
1.4853120544e-17
5.4989431968e-17
3.8951171283e-17
6.0507044742e-18
3.3717049897e-17
2.2924374879e-17
1.6222720174e-19
3.6023126686e-19
-3.6403411358e-19
-5.8379570648e-21
3.6105155788e-04
-1.9266784224e-18
5.0527224453e-19
3.9235782890e-18
2.9340819472e-18
1.3542837208e-19
8.4403127259e-19
-2.1850956166e-19
1.2398616192e-19
5.1995788330e-04
