1.0027002369e+00
5.2498462763e-03
-4.7179287705e-03
-1.4976872982e-15
-1.5456272070e-16
1.1203571960e-16
2.0029545384e-15
-4.5340009501e-17
-1.6449257563e-16
4.5101743850e-18
3.7298805030e-16
-1.8001882063e-14
5.6582715653e-19
-3.4255752365e-15
8.6461192928e-04
-1.4559938098e-15
-5.1058512171e-17
1.8718933278e-16
-6.4102917499e-19
-4.6866230809e-16
2.1500282383e-13
1.3306717349e-19
4.1346563647e-14
5.2498462763e-03
2.7889723612e-01
2.7656759821e-01
-3.2070857790e-16
-1.7684928089e-16
-6.5600739114e-17
6.6821843239e-17
-9.1290096030e-17
1.0364140864e-16
-9.2691545893e-18
-1.8562961372e-17
-2.5162935518e-13
9.9006960207e-19
-4.8475103786e-14
1.2346917049e-02
-5.4395678534e-16
3.4849835360e-17
-1.2349511913e-16
6.3467184950e-17
1.3259357943e-16
-2.8407712115e-11
8.6793753655e-19
-5.4669322720e-12
-4.7179287705e-03
2.7656759821e-01
3.0303982303e-01
-2.3717110132e-16
-2.8792849250e-16
-1.5419891643e-16
9.3374073245e-17
-2.0737067013e-16
5.5681914104e-17
-9.0822750227e-18
-2.2516332946e-17
-2.0270440538e-13
-6.1336571873e-20
-3.9064034236e-14
1.3918081268e-02
-5.5713541766e-16
3.2149501834e-17
-1.3407357934e-16
6.5805332004e-17
1.4121567830e-16
-3.1421604733e-11
3.2508148279e-19
-6.0469452859e-12
-1.4976872982e-15
-3.2070857790e-16
-2.3717110132e-16
4.7950754906e-01
-2.9438883559e-16
1.1745987948e-16
2.9297379025e-01
-1.4338454904e-16
1.3831030392e-16
5.3494822428e-17
1.9464594966e-18
-1.2465433715e-16
1.5671045785e-17
-5.1464317606e-17
-2.6612289071e-16
3.7041284871e-02
-1.7083397286e-16
-3.2799159264e-17
-1.3114120524e-18
7.6211531219e-18
2.5628066059e-17
1.4501451879e-17
8.6414061433e-17
-1.5456272070e-16
-1.7684928089e-16
-2.8792849250e-16
-2.9438883559e-16
4.7950754902e-01
1.0709822555e-16
8.7274084422e-18
2.9297379024e-01
-2.7576663120e-16
2.9856106996e-17
-3.1027755047e-17
-1.5228320832e-17
-5.5178204564e-18
2.7316641751e-17
4.4302377409e-16
-2.6822596790e-16
3.7041284915e-02
3.6785423829e-16
4.8539761515e-17
1.3949334014e-16
1.6998495522e-17
9.2377360044e-18
-3.7597249997e-17
1.1203571960e-16
-6.5600739114e-17
-1.5419891643e-16
1.1745987948e-16
1.0709822555e-16
4.7950754919e-01
-1.1308858069e-16
-8.0429469263e-17
2.9297379031e-01
-5.9764626956e-17
1.5164719828e-16
2.1218352949e-17
2.4925591948e-18
-1.2016892939e-17
1.1304286053e-16
2.4820601010e-17
1.7203024349e-16
3.7041284696e-02
-6.2376725276e-17
-1.6970016984e-16
-4.5489124746e-17
-5.3207197931e-18
1.3327738765e-17
2.0029545384e-15
6.6821843239e-17
9.3374073245e-17
2.9297379025e-01
8.7274084422e-18
-1.1308858069e-16
1.9398805304e-01
4.1090285499e-17
-2.7878860022e-17
3.1590793410e-17
-3.5223990573e-19
-7.8083359559e-17
8.0042681469e-18
-3.1262186486e-17
-1.5122887772e-16
2.4375584763e-02
-1.0319512739e-16
-3.4169944903e-17
6.7404178477e-18
4.4954013174e-18
1.3854048143e-17
1.1009554209e-17
5.5419056096e-17
-4.5340009501e-17
-9.1290096030e-17
-2.0737067013e-16
-1.4338454904e-16
2.9297379024e-01
-8.0429469263e-17
4.1090285499e-17
1.9398805304e-01
-2.5133698461e-16
1.5907496163e-17
-1.9746333150e-17
-7.4675373151e-18
-4.7337142132e-18
1.6181567466e-17
2.8272334615e-16
-1.7172458527e-16
2.4375584793e-02
2.1732558521e-16
3.3813840004e-17
9.2114449258e-17
6.9183730379e-18
6.2617918503e-18
-2.4721543446e-17
-1.6449257563e-16
1.0364140864e-16
5.5681914104e-17
1.3831030392e-16
-2.7576663120e-16
2.9297379031e-01
-2.7878860022e-17
-2.5133698461e-16
1.9398805306e-01
-3.7295792207e-17
1.0095834809e-16
1.3558462276e-17
4.7553780646e-18
-7.3900313075e-18
7.6388044294e-17
1.7228884358e-17
9.0217736327e-17
2.4375584644e-02
-4.3083599967e-17
-1.0249834095e-16
-2.1629489758e-17
-1.1626066568e-18
8.3376077099e-18
4.5101743850e-18
-9.2691545893e-18
-9.0822750227e-18
5.3494822428e-17
2.9856106996e-17
-5.9764626956e-17
3.1590793410e-17
1.5907496163e-17
-3.7295792207e-17
1.0004183403e-03
2.7012299757e-20
4.9887340485e-19
4.1296503109e-19
-1.9255741473e-20
-6.6951542591e-19
4.1681838243e-18
1.8246956287e-18
-5.0844733971e-18
3.6106698369e-04
-1.2984332435e-20
1.6741139753e-19
2.3100494998e-19
-1.8080762467e-19
3.7298805030e-16
-1.8562961372e-17
-2.2516332946e-17
1.9464594966e-18
-3.1027755047e-17
1.5164719828e-16
-3.5223990573e-19
-1.9746333150e-17
1.0095834809e-16
2.7012299757e-20
1.0004183404e-03
1.6834912029e-18
-4.3821159442e-20
-4.5649973406e-19
1.1076033823e-19
-2.0319088556e-19
-2.4148462426e-18
1.2339358656e-17
-5.7706789170e-19
3.6106698365e-04
-4.9647263812e-19
-8.8499794120e-19
6.2505337588e-20
-1.8001882063e-14
-2.5162935518e-13
-2.0270440538e-13
-1.2465433715e-16
-1.5228320832e-17
2.1218352949e-17
-7.8083359559e-17
-7.4675373151e-18
1.3558462276e-17
4.9887340485e-19
1.6834912029e-18
1.0004183404e-03
2.5970322057e-21
-1.3134174195e-14
-1.0207503578e-13
-1.0320837305e-17
-1.1338083803e-18
2.3426470642e-18
-7.8008117659e-20
1.2604207105e-19
3.6106698364e-04
-1.1392564255e-19
4.6987763672e-15
5.6582715653e-19
9.9006960207e-19
-6.1336571873e-20
1.5671045785e-17
-5.5178204564e-18
2.4925591948e-18
8.0042681469e-18
-4.7337142132e-18
4.7553780646e-18
4.1296503109e-19
-4.3821159442e-20
2.5970322057e-21
1.0004183404e-03
7.3802114217e-19
-5.7880193438e-21
1.0081066767e-18
-6.0856227383e-19
8.4011309437e-19
3.2051547022e-19
-3.7952599667e-19
-1.3212659360e-19
3.6106698365e-04
8.6051216959e-21
-3.4255752365e-15
-4.8475103786e-14
-3.9064034236e-14
-5.1464317606e-17
2.7316641751e-17
-1.2016892939e-17
-3.1262186486e-17
1.6181567466e-17
-7.3900313075e-18
-1.9255741473e-20
-4.5649973406e-19
-1.3134174195e-14
7.3802114217e-19
1.0004183403e-03
-1.9646424854e-14
-4.0018819989e-18
1.9863672337e-18
-9.1345688100e-19
-2.3757000970e-19
1.1306081084e-19
4.6989491619e-15
3.7199175160e-19
3.6106698369e-04
8.6461192928e-04
1.2346917049e-02
1.3918081268e-02
-2.6612289071e-16
4.4302377409e-16
1.1304286053e-16
-1.5122887772e-16
2.8272334615e-16
7.6388044294e-17
-6.6951542591e-19
1.1076033823e-19
-1.0207503578e-13
-5.7880193438e-21
-1.9646424854e-14
6.9706136387e-04
-4.6584879730e-17
3.8181043276e-17
3.5696965386e-18
2.5197818449e-18
6.3801299659e-18
-1.6657166641e-12
-2.1476726505e-20
-3.2056073506e-13
-1.4559938098e-15
-5.4395678534e-16
-5.5713541766e-16
3.7041284871e-02
-2.6822596790e-16
2.4820601010e-17
2.4375584763e-02
-1.7172458527e-16
1.7228884358e-17
4.1681838243e-18
-2.0319088556e-19
-1.0320837305e-17
1.0081066767e-18
-4.0018819989e-18
-4.6584879730e-17
3.0361121322e-03
-3.4828483776e-17
-1.6598540574e-18
1.2031725861e-18
5.9320839392e-19
1.3934757047e-18
1.3321806811e-18
6.8961361765e-18
-5.1058512171e-17
3.4849835360e-17
3.2149501834e-17
-1.7083397286e-16
3.7041284915e-02
1.7203024349e-16
-1.0319512739e-16
2.4375584793e-02
9.0217736327e-17
1.8246956287e-18
-2.4148462426e-18
-1.1338083803e-18
-6.0856227383e-19
1.9863672337e-18
3.8181043276e-17
-3.4828483776e-17
3.0361121396e-03
4.2812707545e-17
4.1507188956e-18
1.1519842080e-17
5.9273442612e-19
8.7354684111e-19
-3.2955198417e-18
1.8718933278e-16
-1.2349511913e-16
-1.3407357934e-16
-3.2799159264e-17
3.6785423829e-16
3.7041284696e-02
-3.4169944903e-17
2.1732558521e-16
2.4375584644e-02
-5.0844733971e-18
1.2339358656e-17
2.3426470642e-18
8.4011309437e-19
-9.1345688100e-19
3.5696965386e-18
-1.6598540574e-18
4.2812707545e-17
3.0361121024e-03
-5.8162592284e-18
-1.2996182091e-17
-2.4351372853e-18
1.2752501388e-19
1.0761510632e-18
-6.4102917499e-19
6.3467184950e-17
6.5805332004e-17
-1.3114120524e-18
4.8539761515e-17
-6.2376725276e-17
6.7404178477e-18
3.3813840004e-17
-4.3083599967e-17
3.6106698369e-04
-5.7706789170e-19
-7.8008117659e-20
3.2051547022e-19
-2.3757000970e-19
2.5197818449e-18
1.2031725861e-18
4.1507188956e-18
-5.8162592284e-18
5.1998685718e-04
4.5784597756e-20
2.6804684745e-21
4.1989177722e-19
-3.4527699297e-19
-4.6866230809e-16
1.3259357943e-16
1.4121567830e-16
7.6211531219e-18
1.3949334014e-16
-1.6970016984e-16
4.4954013174e-18
9.2114449258e-17
-1.0249834095e-16
-1.2984332435e-20
3.6106698365e-04
1.2604207105e-19
-3.7952599667e-19
1.1306081084e-19
6.3801299659e-18
5.9320839392e-19
1.1519842080e-17
-1.2996182091e-17
4.5784597756e-20
5.1998685699e-04
-5.8207053113e-19
-9.2633556493e-19
1.6061913317e-19
2.1500282383e-13
-2.8407712115e-11
-3.1421604733e-11
2.5628066059e-17
1.6998495522e-17
-4.5489124746e-17
1.3854048143e-17
6.9183730379e-18
-2.1629489758e-17
1.6741139753e-19
-4.9647263812e-19
3.6106698364e-04
-1.3212659360e-19
4.6989491619e-15
-1.6657166641e-12
1.3934757047e-18
5.9273442612e-19
-2.4351372853e-18
2.6804684745e-21
-5.8207053113e-19
5.1998685689e-04
-7.0252904817e-20
2.8095314366e-14
1.3306717349e-19
8.6793753655e-19
3.2508148279e-19
1.4501451879e-17
9.2377360044e-18
-5.3207197931e-18
1.1009554209e-17
6.2617918503e-18
-1.1626066568e-18
2.3100494998e-19
-8.8499794120e-19
-1.1392564255e-19
3.6106698365e-04
3.7199175160e-19
-2.1476726505e-20
1.3321806811e-18
8.7354684111e-19
1.2752501388e-19
4.1989177722e-19
-9.2633556493e-19
-7.0252904817e-20
5.1998685694e-04
2.2999563838e-19
4.1346563647e-14
-5.4669322720e-12
-6.0469452859e-12
8.6414061433e-17
-3.7597249997e-17
1.3327738765e-17
5.5419056096e-17
-2.4721543446e-17
8.3376077099e-18
-1.8080762467e-19
6.2505337588e-20
4.6987763672e-15
8.6051216959e-21
3.6106698369e-04
-3.2056073506e-13
6.8961361765e-18
-3.2955198417e-18
1.0761510632e-18
-3.4527699297e-19
1.6061913317e-19
2.8095314366e-14
2.2999563838e-19
5.1998685718e-04
1.0027002369e+00
5.2498462763e-03
-4.7179287705e-03
-1.4976872982e-15
-1.5456272070e-16
1.1203571960e-16
2.0029545384e-15
-4.5340009501e-17
-1.6449257563e-16
4.5101743850e-18
3.7298805030e-16
-1.8001882063e-14
5.6582715653e-19
-3.4255752365e-15
8.6461192928e-04
-1.4559938098e-15
-5.1058512171e-17
1.8718933278e-16
-6.4102917499e-19
-4.6866230809e-16
2.1500282383e-13
1.3306717349e-19
4.1346563647e-14
5.2498462763e-03
2.7889723612e-01
2.7656759821e-01
-3.2070857790e-16
-1.7684928089e-16
-6.5600739114e-17
6.6821843239e-17
-9.1290096030e-17
1.0364140864e-16
-9.2691545893e-18
-1.8562961372e-17
-2.5162935518e-13
9.9006960207e-19
-4.8475103786e-14
1.2346917049e-02
-5.4395678534e-16
3.4849835360e-17
-1.2349511913e-16
6.3467184950e-17
1.3259357943e-16
-2.8407712115e-11
8.6793753655e-19
-5.4669322720e-12
-4.7179287705e-03
2.7656759821e-01
3.0303982303e-01
-2.3717110132e-16
-2.8792849250e-16
-1.5419891643e-16
9.3374073245e-17
-2.0737067013e-16
5.5681914104e-17
-9.0822750227e-18
-2.2516332946e-17
-2.0270440538e-13
-6.1336571873e-20
-3.9064034236e-14
1.3918081268e-02
-5.5713541766e-16
3.2149501834e-17
-1.3407357934e-16
6.5805332004e-17
1.4121567830e-16
-3.1421604733e-11
3.2508148279e-19
-6.0469452859e-12
-1.4976872982e-15
-3.2070857790e-16
-2.3717110132e-16
4.7950754906e-01
-2.9438883559e-16
1.1745987948e-16
2.9297379025e-01
-1.4338454904e-16
1.3831030392e-16
5.3494822428e-17
1.9464594966e-18
-1.2465433715e-16
1.5671045785e-17
-5.1464317606e-17
-2.6612289071e-16
3.7041284871e-02
-1.7083397286e-16
-3.2799159264e-17
-1.3114120524e-18
7.6211531219e-18
2.5628066059e-17
1.4501451879e-17
8.6414061433e-17
-1.5456272070e-16
-1.7684928089e-16
-2.8792849250e-16
-2.9438883559e-16
4.7950754902e-01
1.0709822555e-16
8.7274084422e-18
2.9297379024e-01
-2.7576663120e-16
2.9856106996e-17
-3.1027755047e-17
-1.5228320832e-17
-5.5178204564e-18
2.7316641751e-17
4.4302377409e-16
-2.6822596790e-16
3.7041284915e-02
3.6785423829e-16
4.8539761515e-17
1.3949334014e-16
1.6998495522e-17
9.2377360044e-18
-3.7597249997e-17
1.1203571960e-16
-6.5600739114e-17
-1.5419891643e-16
1.1745987948e-16
1.0709822555e-16
4.7950754919e-01
-1.1308858069e-16
-8.0429469263e-17
2.9297379031e-01
-5.9764626956e-17
1.5164719828e-16
2.1218352949e-17
2.4925591948e-18
-1.2016892939e-17
1.1304286053e-16
2.4820601010e-17
1.7203024349e-16
3.7041284696e-02
-6.2376725276e-17
-1.6970016984e-16
-4.5489124746e-17
-5.3207197931e-18
1.3327738765e-17
2.0029545384e-15
6.6821843239e-17
9.3374073245e-17
2.9297379025e-01
8.7274084422e-18
-1.1308858069e-16
1.9398805304e-01
4.1090285499e-17
-2.7878860022e-17
3.1590793410e-17
-3.5223990573e-19
-7.8083359559e-17
8.0042681469e-18
-3.1262186486e-17
-1.5122887772e-16
2.4375584763e-02
-1.0319512739e-16
-3.4169944903e-17
6.7404178477e-18
4.4954013174e-18
1.3854048143e-17
1.1009554209e-17
5.5419056096e-17
-4.5340009501e-17
-9.1290096030e-17
-2.0737067013e-16
-1.4338454904e-16
2.9297379024e-01
-8.0429469263e-17
4.1090285499e-17
1.9398805304e-01
-2.5133698461e-16
1.5907496163e-17
-1.9746333150e-17
-7.4675373151e-18
-4.7337142132e-18
1.6181567466e-17
2.8272334615e-16
-1.7172458527e-16
2.4375584793e-02
2.1732558521e-16
3.3813840004e-17
9.2114449258e-17
6.9183730379e-18
6.2617918503e-18
-2.4721543446e-17
-1.6449257563e-16
1.0364140864e-16
5.5681914104e-17
1.3831030392e-16
-2.7576663120e-16
2.9297379031e-01
-2.7878860022e-17
-2.5133698461e-16
1.9398805306e-01
-3.7295792207e-17
1.0095834809e-16
1.3558462276e-17
4.7553780646e-18
-7.3900313075e-18
7.6388044294e-17
1.7228884358e-17
9.0217736327e-17
2.4375584644e-02
-4.3083599967e-17
-1.0249834095e-16
-2.1629489758e-17
-1.1626066568e-18
8.3376077099e-18
4.5101743850e-18
-9.2691545893e-18
-9.0822750227e-18
5.3494822428e-17
2.9856106996e-17
-5.9764626956e-17
3.1590793410e-17
1.5907496163e-17
-3.7295792207e-17
1.0004183403e-03
2.7012299757e-20
4.9887340485e-19
4.1296503109e-19
-1.9255741473e-20
-6.6951542591e-19
4.1681838243e-18
1.8246956287e-18
-5.0844733971e-18
3.6106698369e-04
-1.2984332435e-20
1.6741139753e-19
2.3100494998e-19
-1.8080762467e-19
3.7298805030e-16
-1.8562961372e-17
-2.2516332946e-17
1.9464594966e-18
-3.1027755047e-17
1.5164719828e-16
-3.5223990573e-19
-1.9746333150e-17
1.0095834809e-16
2.7012299757e-20
1.0004183404e-03
1.6834912029e-18
-4.3821159442e-20
-4.5649973406e-19
1.1076033823e-19
-2.0319088556e-19
-2.4148462426e-18
1.2339358656e-17
-5.7706789170e-19
3.6106698365e-04
-4.9647263812e-19
-8.8499794120e-19
6.2505337588e-20
-1.8001882063e-14
-2.5162935518e-13
-2.0270440538e-13
-1.2465433715e-16
-1.5228320832e-17
2.1218352949e-17
-7.8083359559e-17
-7.4675373151e-18
1.3558462276e-17
4.9887340485e-19
1.6834912029e-18
1.0004183404e-03
2.5970322057e-21
-1.3134174195e-14
-1.0207503578e-13
-1.0320837305e-17
-1.1338083803e-18
2.3426470642e-18
-7.8008117659e-20
1.2604207105e-19
3.6106698364e-04
-1.1392564255e-19
4.6987763672e-15
5.6582715653e-19
9.9006960207e-19
-6.1336571873e-20
1.5671045785e-17
-5.5178204564e-18
2.4925591948e-18
8.0042681469e-18
-4.7337142132e-18
4.7553780646e-18
4.1296503109e-19
-4.3821159442e-20
2.5970322057e-21
1.0004183404e-03
7.3802114217e-19
-5.7880193438e-21
1.0081066767e-18
-6.0856227383e-19
8.4011309437e-19
3.2051547022e-19
-3.7952599667e-19
-1.3212659360e-19
3.6106698365e-04
8.6051216959e-21
-3.4255752365e-15
-4.8475103786e-14
-3.9064034236e-14
-5.1464317606e-17
2.7316641751e-17
-1.2016892939e-17
-3.1262186486e-17
1.6181567466e-17
-7.3900313075e-18
-1.9255741473e-20
-4.5649973406e-19
-1.3134174195e-14
7.3802114217e-19
1.0004183403e-03
-1.9646424854e-14
-4.0018819989e-18
1.9863672337e-18
-9.1345688100e-19
-2.3757000970e-19
1.1306081084e-19
4.6989491619e-15
3.7199175160e-19
3.6106698369e-04
8.6461192928e-04
1.2346917049e-02
1.3918081268e-02
-2.6612289071e-16
4.4302377409e-16
1.1304286053e-16
-1.5122887772e-16
2.8272334615e-16
7.6388044294e-17
-6.6951542591e-19
1.1076033823e-19
-1.0207503578e-13
-5.7880193438e-21
-1.9646424854e-14
6.9706136387e-04
-4.6584879730e-17
3.8181043276e-17
3.5696965386e-18
2.5197818449e-18
6.3801299659e-18
-1.6657166641e-12
-2.1476726505e-20
-3.2056073506e-13
-1.4559938098e-15
-5.4395678534e-16
-5.5713541766e-16
3.7041284871e-02
-2.6822596790e-16
2.4820601010e-17
2.4375584763e-02
-1.7172458527e-16
1.7228884358e-17
4.1681838243e-18
-2.0319088556e-19
-1.0320837305e-17
1.0081066767e-18
-4.0018819989e-18
-4.6584879730e-17
3.0361121322e-03
-3.4828483776e-17
-1.6598540574e-18
1.2031725861e-18
5.9320839392e-19
1.3934757047e-18
1.3321806811e-18
6.8961361765e-18
-5.1058512171e-17
3.4849835360e-17
3.2149501834e-17
-1.7083397286e-16
3.7041284915e-02
1.7203024349e-16
-1.0319512739e-16
2.4375584793e-02
9.0217736327e-17
1.8246956287e-18
-2.4148462426e-18
-1.1338083803e-18
-6.0856227383e-19
1.9863672337e-18
3.8181043276e-17
-3.4828483776e-17
3.0361121396e-03
4.2812707545e-17
4.1507188956e-18
1.1519842080e-17
5.9273442612e-19
8.7354684111e-19
-3.2955198417e-18
1.8718933278e-16
-1.2349511913e-16
-1.3407357934e-16
-3.2799159264e-17
3.6785423829e-16
3.7041284696e-02
-3.4169944903e-17
2.1732558521e-16
2.4375584644e-02
-5.0844733971e-18
1.2339358656e-17
2.3426470642e-18
8.4011309437e-19
-9.1345688100e-19
3.5696965386e-18
-1.6598540574e-18
4.2812707545e-17
3.0361121024e-03
-5.8162592284e-18
-1.2996182091e-17
-2.4351372853e-18
1.2752501388e-19
1.0761510632e-18
-6.4102917499e-19
6.3467184950e-17
6.5805332004e-17
-1.3114120524e-18
4.8539761515e-17
-6.2376725276e-17
6.7404178477e-18
3.3813840004e-17
-4.3083599967e-17
3.6106698369e-04
-5.7706789170e-19
-7.8008117659e-20
3.2051547022e-19
-2.3757000970e-19
2.5197818449e-18
1.2031725861e-18
4.1507188956e-18
-5.8162592284e-18
5.1998685718e-04
4.5784597756e-20
2.6804684745e-21
4.1989177722e-19
-3.4527699297e-19
-4.6866230809e-16
1.3259357943e-16
1.4121567830e-16
7.6211531219e-18
1.3949334014e-16
-1.6970016984e-16
4.4954013174e-18
9.2114449258e-17
-1.0249834095e-16
-1.2984332435e-20
3.6106698365e-04
1.2604207105e-19
-3.7952599667e-19
1.1306081084e-19
6.3801299659e-18
5.9320839392e-19
1.1519842080e-17
-1.2996182091e-17
4.5784597756e-20
5.1998685699e-04
-5.8207053113e-19
-9.2633556493e-19
1.6061913317e-19
2.1500282383e-13
-2.8407712115e-11
-3.1421604733e-11
2.5628066059e-17
1.6998495522e-17
-4.5489124746e-17
1.3854048143e-17
6.9183730379e-18
-2.1629489758e-17
1.6741139753e-19
-4.9647263812e-19
3.6106698364e-04
-1.3212659360e-19
4.6989491619e-15
-1.6657166641e-12
1.3934757047e-18
5.9273442612e-19
-2.4351372853e-18
2.6804684745e-21
-5.8207053113e-19
5.1998685689e-04
-7.0252904817e-20
2.8095314366e-14
1.3306717349e-19
8.6793753655e-19
3.2508148279e-19
1.4501451879e-17
9.2377360044e-18
-5.3207197931e-18
1.1009554209e-17
6.2617918503e-18
-1.1626066568e-18
2.3100494998e-19
-8.8499794120e-19
-1.1392564255e-19
3.6106698365e-04
3.7199175160e-19
-2.1476726505e-20
1.3321806811e-18
8.7354684111e-19
1.2752501388e-19
4.1989177722e-19
-9.2633556493e-19
-7.0252904817e-20
5.1998685694e-04
2.2999563838e-19
4.1346563647e-14
-5.4669322720e-12
-6.0469452859e-12
8.6414061433e-17
-3.7597249997e-17
1.3327738765e-17
5.5419056096e-17
-2.4721543446e-17
8.3376077099e-18
-1.8080762467e-19
6.2505337588e-20
4.6987763672e-15
8.6051216959e-21
3.6106698369e-04
-3.2056073506e-13
6.8961361765e-18
-3.2955198417e-18
1.0761510632e-18
-3.4527699297e-19
1.6061913317e-19
2.8095314366e-14
2.2999563838e-19
5.1998685718e-04